SET
SET
SET
119820
7133
6655
101002
129867
29202
632
46792
23313
161351
22528
144385
107630
9410
10185
0
0
86372
43138
44068
24612
107584
38847
50894
6839
113745
6268
74595
61050
60961
0
33945
0
37763
43207
71145
0
0
23084
29057
107097
76768
2774
60116
17251
31918
136675
8494
151799
99543
17537
72110
15029
30712
25671
6466
90617
55757
148150
77414
60884
0
94548
97287
22819
38500
52713
22574
0
113328
160837
65837
148094
11033
32518
12902
16381
113260
12691
89027
30256
42047
48823
2753
69907
64359
22326
37744
11951
13032
71692
128514
50874
25896
169774
19525
115725
98040
37095
3894
54912
161849
50181
51903
183092
18072
31056
76326
51960
106487
92457
66958
13912
3629
23999
51900
113176
54814
96642
15889
141505
0
59936
15111
1362
97575
103027
41699
4087
115368
4456
12451
85842
108196
32039
113171
25699
111747
42610
159154
93739
68738
101925
35601
21173
0
79812
134621
57930
1266
4989
29620
29276
13577
77503
102168
58501
61981
20449
0
49703
128027
189285
93834
59606
169420
6459
31490
6258
0
134024
67387
39614
100470
95333
32124
49164
48486
122882
34487
0
22993
0
71788
154294
25621
0
150670
56515
8398
64694
100079
111770
84660
19514
146861
0
156356
0
167581
163838
100931
0
30226
862
169505
81764
17452
163755
80089
0
162956
10481
33145
69390
63381
7327
0
15735
95012
165014
1262
72593
4578
52607
8792
0
16311
120870
0
19050
53408
0
99641
21019
25393
135358
14560
43861
114133
504
150742
13536
0
134255
2756
10212
91256
21976
32713
129751
0
55329
11820
33048
157314
64648
59235
31414
65526
157430
18558
156258
6908
100549
26988
90877
57788
15948
87603
132068
6691
59214
71979
119383
5386
88595
44227
47415
89411
29703
153636
31058
45545
129264
19785
91586
99340
0
122872
0
170953
17708
0
32632
96200
152341
61657
82032
44405
97805
0
5438
0
37744
78194
114769
52886
50740
172689
61187
87379
130873
11304
59408
32959
30738
21091
19018
93626
67551
80902
147726
24169
71713
122394
34952
11232
68728
184271
81550
3191
43821
187891
84379
6808
3354
49406
124692
151764
146819
80582
118882
134633
46755
0
0
33088
98117
129997
0
6383
9079
20760
98243
54807
67243
18023
0
12320
62381
116196
43286
114617
48153
115348
46757
94028
267
144676
45347
172813
32070
49941
70351
134716
0
104372
158692
39605
32998
77957
70956
0
0
8207
24889
29441
68859
0
43720
25440
146119
56732
85190
4346
82938
72958
96832
19113
0
46715
35131
85278
28643
74212
16437
4997
0
95100
41041
175072
64622
69507
14336
144773
131499
51454
111460
21309
39833
122985
3569
27112
0
101914
24923
223
57891
0
112729
69635
58159
104676
17432
130648
128882
14183
60857
129531
85919
57819
24547
80364
143107
41891
86002
31500
148816
41466
9649
140042
92948
158208
167989
66226
0
80907
78256
72086
8205
71173
70621
32841
0
57382
26654
47981
18404
50032
96038
89430
49909
30612
45731
84304
3206
56151
81038
34277
25888
77983
179892
80031
14534
18724
158126
19520
56015
102239
30437
75426
154372
0
0
22156
32428
4944
42403
118125
8546
116321
161456
149097
24587
105823
155947
42957
157413
102856
20143
47884
92585
0
80421
109470
100455
16994
60829
1380
0
8224
33508
158834
91322
48146
83185
107063
123211
124629
2074
94546
82215
24881
114716
88394
116894
0
96981
0
75848
17732
9238
7660
158686
45206
58523
70361
63213
25139
112411
115794
475
194600
57016
0
4532
34009
131304
11556
27640
178407
17886
72544
80718
0
68253
165600
12198
1938
111405
0
49957
113291
25025
121412
0
66329
61847
46323
3892
22639
0
29847
0
37660
90215
44593
87407
187760
87600
24433
172808
52120
0
122086
89586
77413
0
100977
34666
119801
100378
0
18257
0
0
160296
67471
28882
6098
0
43804
0
24675
189403
27445
35279
2615
77139
106080
40443
119703
57305
68192
89515
78095
132709
25223
78999
43893
19799
114783
103114
169372
0
5054
139623
6699
27305
125704
101545
3110
29032
7163
112407
99152
58083
73
189826
72667
41956
10775
20736
81641
9782
1637
17493
29491
44389
0
110971
31591
68308
153418
67604
26046
85169
99806
86300
32880
113159
16662
103746
41849
449
6317
159651
79892
64995
123299
112619
78689
13985
3394
146611
412
96019
128794
117937
0
0
11048
104679
0
0
155961
91568
50577
46822
0
43064
143079
61816
146037
73737
90328
57991
34722
39873
4264
38333
102075
0
54874
31158
33315
176059
18330
31732
79012
80332
66010
21699
107052
60390
50716
51652
15638
43111
82440
110674
145047
19927
0
143337
1820
0
138248
0
345
73484
16449
53542
136787
12708
133339
80429
18439
144764
23611
55019
33114
165800
120417
66471
20321
73528
5570
77760
1712
81051
80314
40843
42122
16416
45895
156473
103367
83919
53719
54624
48522
104128
48870
107732
45494
137780
7152
115046
24824
181358
90837
162738
46522
48368
36263
3880
50563
76691
120074
111375
102842
34110
63610
91655
2162
11575
29587
25701
78987
0
91486
165462
16728
25349
133295
162704
58072
110674
77909
17542
13457
63038
103922
0
98921
63480
12613
132248
166861
30749
62353
101157
0
73002
117749
66453
127495
68297
12832
30981
46223
16495
18632
78162
65095
58079
83946
76561
1825
88682
53233
10375
40373
127302
0
87884
115358
93605
76841
68371
46024
160623
62122
60839
93666
64588
11082
136035
31368
24765
92250
142580
59546
136377
27699
97931
23814
111725
59013
3407
12204
102832
148061
0
40723
88254
100912
77490
65208
110914
61882
10024
60479
49118
128328
38832
65974
107391
700
46994
0
121521
46790
5507
86071
86380
168634
116886
103474
180356
0
133320
96556
19842
29817
45917
66701
58638
127072
108326
102114
121859
95503
37870
21394
66327
71586
74479
26266
101429
81531
13218
83233
59249
22510
25832
147237
106224
108615
46387
73040
4938
158423
99757
21695
29874
7071
71915
165956
7318
4005
109832
149525
9084
54663
103282
194074
151329
147967
153670
58371
43878
27806
16844
0
129634
25884
71979
5272
7650
109716
71120
35075
125184
58160
15591
37412
24180
54305
19377
0
427
25430
77035
80779
15906
84060
84950
112005
167298
180641
39840
88703
119890
130803
3158
56373
112694
60611
57830
38455
14072
43296
89016
16872
2980
24850
0
64635
66609
96198
117473
65910
121873
41009
47559
27209
22668
147125
32361
17347
6103
53478
42570
126684
132911
97759
0
84333
96844
98683
23425
105142
124909
3541
17671
81529
70439
82598
126810
169074
23498
73948
75923
87459
8932
35237
169990
134611
62556
76404
112862
90561
43307
36915
67712
117759
120431
134783
34113
0
11448
58721
112748
75757
72006
104332
61763
46954
55306
135155
0
181810
0
18068
43095
82664
40991
36973
120264
80610
270
21966
38184
7809
0
65137
124000
126461
67808
21471
89850
37917
131028
52951
76955
128221
24949
117554
0
0
116261
21586
68022
94193
11250
78697
43721
35934
100558
0
19071
26267
83154
49372
177119
65532
114735
21580
66164
34209
0
86049
2716
86124
167837
122557
101812
19778
0
161446
107266
48200
89721
83923
43861
19834
17512
43152
41500
17949
104586
91821
0
0
69655
137492
109645
0
136242
127220
2020
59677
152579
162061
24763
42848
46695
0
40819
88910
84630
48500
77919
66206
0
50352
149094
125817
24736
90485
118700
115741
74191
17924
2840
31185
71021
21253
114125
36624
6145
53235
5287
4185
54910
122216
158467
113377
73781
117268
4425
88317
129772
85553
7749
86109
111354
0
0
87998
577
108173
0
85363
38143
72919
101479
102176
76624
0
11012
84641
36856
116801
21676
64326
81509
60336
44143
88206
101517
44219
78229
100754
833
51838
29856
114420
48442
36630
42891
11405
32154
35803
8805
119475
0
39153
18210
123113
0
56389
140086
45948
147146
84002
61144
29565
30375
151253
38369
107718
91258
0
83819
156042
8097
15217
33209
8814
96333
56475
30014
127327
19694
20300
58163
12407
178625
78911
176808
33715
172467
0
157104
14522
7396
138496
36858
45634
97004
133078
89854
39035
71311
22834
147807
93804
46070
41808
12465
83314
41866
49630
6872
26236
91254
5835
15537
12454
60075
17598
19211
0
67886
0
20978
17946
4247
21753
42731
32080
8112
66085
137567
81605
101934
11020
35007
46857
11251
116988
0
140074
62447
0
67103
23552
89626
112617
50587
85689
34642
134213
75935
24192
116283
114948
114484
100489
85849
41774
9975
26641
46148
74235
78428
151157
96612
69018
8861
0
43340
19807
0
16400
107598
8778
38875
0
41863
115780
20481
149982
56698
24753
0
91143
90000
13161
0
38658
120460
114684
23267
79055
2558
69875
176469
60892
39320
78695
96158
27465
44206
5257
32173
2336
120084
106360
49535
42579
27768
9773
83076
63267
106500
49355
1991
40986
5006
30534
57115
84485
23299
28864
33089
52949
1563
15672
0
11483
41419
140832
32892
47516
18357
117323
28852
141886
69720
17179
86836
9244
97764
77038
25591
102188
95882
1232
68233
34275
75914
0
104358
144162
134542
108597
57763
40297
67526
15004
7534
99075
72792
48211
59338
35876
54974
17788
61039
17787
1139
58321
103456
0
66872
107322
27282
193882
27769
9883
27103
169988
26052
11571
100440
142100
56763
28606
185642
1862
27883
113793
30769
99264
25927
87172
19006
60735
17391
170892
17632
81828
171467
77107
10849
0
77861
45145
42296
62033
2866
33371
30643
34751
62347
61473
32025
108856
51631
78532
11737
88073
28466
126084
66542
3618
4805
365
25442
33029
86853
56010
94228
36294
178624
87983
122012
19127
0
21740
0
49925
62085
144251
89981
2414
64395
0
46928
60980
24401
173206
149383
62041
62200
132790
95443
84889
0
130573
78911
1594
148269
45658
118188
0
102394
158759
134294
10479
94626
12398
0
51338
115693
62674
74920
143810
54008
89931
110331
39933
81995
50822
44276
149642
132177
174114
177089
121631
40616
97197
103889
52650
183613
152730
9194
32989
105477
130763
137201
60517
96141
76294
125542
19855
0
0
100945
105414
9315
139243
58627
48322
146301
39882
78354
19457
69574
34401
147336
103937
0
50757
119065
101103
90027
44233
40139
41434
100024
47807
94464
49598
89321
16271
56546
126955
24435
8918
58005
105478
0
61746
39799
106861
17528
26851
148011
29536
176499
0
70794
135163
42549
0
90911
97842
57520
56753
26492
81241
32264
3307
113192
3496
100567
29769
5525
9388
158275
129943
21357
104771
98099
34590
0
109094
19523
68978
69401
82940
0
109932
73774
106560
11843
33069
159363
34815
34657
96678
153999
106216
8249
135252
44361
98339
84312
136495
4199
8635
74778
27427
68170
33058
48683
0
90811
166349
15254
168629
70711
0
8736
68557
87718
75252
108644
101434
64340
20422
25703
33361
339
30252
31145
96936
33544
72092
42879
93299
10036
130215
0
123568
122645
76500
0
102399
8281
89080
4422
81459
11144
65293
102937
75069
59243
85761
94290
49195
47967
127239
2199
118445
10199
12056
77364
115274
108779
0
129240
146261
110301
88803
0
9815
69715
14461
11320
152040
26684
35229
131906
106306
33435
172773
34588
48860
64455
132083
150276
61721
74477
84285
107349
171464
64240
10249
98913
127015
19052
87711
129243
160835
71719
193917
106271
50164
91797
2013
6659
60614
44843
33263
2068
91785
2805
49929
27118
116793
141596
0
39920
48297
114258
66909
28875
6565
114790
187595
86219
76847
88408
47685
35322
87002
134462
69852
101489
0
0
16567
70105
87213
0
79080
65333
192898
78952
0
48367
4913
14624
82521
0
35452
104596
34222
50998
11725
25291
87068
36734
64942
161663
87629
84221
9939
22670
118515
7617
0
33606
14903
68132
116253
82278
72738
108829
139732
149290
57509
6056
86943
130066
0
0
71713
22833
10168
83972
75440
28146
87045
0
56140
74833
0
104061
28262
0
83945
131840
64273
151253
129971
183959
47871
0
5282
61656
31190
65588
38604
4536
19907
72313
46342
127966
33984
69130
76424
45359
0
30562
74895
10892
79341
76336
7225
81387
77943
117305
44805
69373
21700
0
45042
127040
3699
0
74023
14976
4082
123512
3666
44298
74825
21572
44835
31849
0
139390
9289
61216
184462
46290
66342
71591
0
157046
31451
72518
6363
33108
58210
143458
124457
0
0
141007
30628
56467
54982
30303
91020
23361
183624
4141
194041
74903
1340
5159
32007
44464
54353
42959
112778
75716
2142
0
67857
156123
57539
20786
32981
38760
135129
94258
78044
56567
53916
2425
5284
60133
99619
18160
100149
64129
8419
87296
53740
59106
182045
73629
102830
86972
139933
97827
163874
87165
0
91639
40757
0
17445
107486
40724
77214
112317
24077
122939
3093

--stderr--
