SET
SET
119006
5586
5055
109930
154168
15435
625
46795
14048
141831
22528
165851
117839
32524
43336
44808
64185
93284
102856
29226
24604
57257
22149
50893
1408
111496
6261
95662
86843
148757
17758
23972
31076
51900
57469
77086
20978
101690
23085
18220
102562
87279
4315
70889
52369
53333
116595
8496
152069
38669
17538
88437
15032
84082
25674
4843
103414
55762
129653
50960
60893
108131
53993
96816
13694
57990
52713
17116
5629
105634
153136
38267
147239
6985
32517
10207
16381
119676
9291
82321
72637
77287
138049
2753
48073
47388
22330
24192
6689
7545
13442
111735
36203
46933
191133
17038
124417
94308
37096
197
39905
155709
31346
51902
163365
78025
60157
88705
35479
70651
57537
80192
10000
3636
23999
9988
101834
85309
103404
15894
136147
56800
89128
10285
31196
110420
153993
24960
3131
126503
44008
12453
123599
48516
32038
74936
48283
49729
31377
180566
106998
68734
111551
26424
16641
65023
111640
41962
42220
1258
4989
27533
45456
13574
128429
117854
75760
35828
20449
6730
65371
127160
171572
107401
59606
193405
4446
20441
4088
31266
155004
157496
21008
92053
146702
32118
71495
40524
146841
34486
4843
45108
46100
82015
153012
25621
20501
149579
80556
8393
69589
103530
119442
18707
41824
129313
7892
148645
45640
65342
185851
109994
47289
21323
867
148987
69602
13034
184487
133257
26229
143434
7091
33139
90140
63390
7321
32555
38305
61040
149927
1263
78885
23883
52604
8791
44033
10667
117222
38613
41656
53410
27713
113270
15987
15562
31461
9642
43861
74744
57875
133171
13531
49705
116031
983
10210
89793
12416
55168
66701
3139
55327
9397
33054
146959
37235
16835
31483
90504
157865
18552
86095
5453
106613
49671
102607
79228
7322
97971
81717
5266
76398
91683
125397
5668
103844
26701
64653
98525
38515
72356
31060
59126
109481
40884
113998
60736
51761
119851
103354
153144
10122
40932
32637
64508
176648
45226
105048
27115
62885
47794
837
67719
24646
90271
74088
33445
9644
154185
40119
55090
183982
35943
69956
18366
4049
44709
13929
124237
62192
101401
145878
24175
122698
34596
19973
11156
95503
166536
92094
50431
24295
169484
97104
6809
2794
49400
133595
143824
144620
51468
106744
133328
46751
16389
25059
33161
96903
180989
29166
6144
26848
31406
147936
84058
75778
18019
8679
7426
42138
123777
83554
121039
62679
131307
46759
104675
258
124246
81062
154312
21890
49944
83948
131641
49851
117658
181110
62352
24989
92598
47321
19326
28938
8206
14133
22223
79524
54596
44679
117986
127753
72911
97827
34629
53597
84446
105299
86435
72215
46714
35132
83383
42339
83095
38239
4207
28476
61951
41045
182042
77081
43691
7449
132517
113287
38063
122960
9108
39838
119940
2727
50510
1283
93153
24924
234
69457
42468
99633
45992
148883
102517
17433
140206
111583
52064
83902
127310
8970
67378
69387
49608
39110
27540
100669
31500
146447
41465
5361
189920
90016
139251
69354
61368
51562
67892
37346
83101
8204
51065
97858
18430
31260
78471
26655
47990
4450
62178
82203
77460
63867
66699
45734
93371
3540
32835
48371
34278
18152
47561
180899
93402
14531
18731
86864
14798
74973
126529
21380
52764
177678
30410
52565
22155
32425
4938
65529
169122
8542
104153
184146
170596
16596
68639
138346
107146
149708
116210
41782
62961
61440
2699
95233
132164
109702
10583
39998
1008
36629
6061
58400
177043
50253
31292
98561
118973
173849
131292
516
108452
96860
45857
26318
101651
50814
61640
97907
35926
75841
15700
54836
7657
140203
79948
146337
120033
58269
115525
108650
126859
476
175506
69789
57468
4528
34002
30543
36575
20649
87011
8893
44829
52196
21239
74180
153652
12194
932
86926
5380
49957
74253
11246
76621
23421
34831
79801
60425
3894
22634
10035
6521
63940
82317
74991
44594
56309
167904
85209
24433
155232
65377
51489
122130
58833
49040
104392
108036
57922
68189
115279
53142
14187
26139
93928
148000
95019
20871
1079
52645
28291
50685
12849
171893
27445
74251
23887
42634
29636
40446
169413
38080
83985
102380
129372
33369
25222
72209
56628
13993
122753
112981
152305
13876
3600
59420
34742
42802
117664
112647
2370
4988
7163
122537
114952
70481
212
88297
91099
27584
10783
43016
53157
5932
1637
59593
29495
44474
23882
23670
53387
66901
144128
94226
81164
94306
113879
54289
18315
131065
16663
125927
22463
450
110009
151951
78466
43451
123098
122669
93443
37705
2534
146905
409
62988
128084
110987
45311
25036
11047
125984
91639
7207
178514
105014
11355
46819
96810
58819
140961
61819
145151
85068
91305
57991
57169
62302
1548
22752
108812
93005
54869
45383
55720
165721
75441
19364
49702
94671
76518
21705
104856
73018
74359
27603
12349
43112
88397
105330
144123
15302
59866
126708
1424
64192
188121
35693
68030
95918
7182
42341
136144
12708
115548
35112
18443
51634
23609
115806
75415
190087
120578
41349
17027
28213
5567
92701
1315
82720
100835
127642
29285
2300
8566
54882
103420
173912
53724
54629
48514
22602
64440
104810
65512
119281
7157
109682
48533
164991
89541
145954
60469
84690
36264
1342
11319
90277
58884
110609
50470
22581
93515
106677
2165
60406
29585
25702
66137
16315
58310
146256
38395
78393
133152
145381
148720
121270
79790
8577
10559
88050
126103
33786
61631
82277
65974
153110
158536
120057
71387
152333
7249
29590
117598
41343
126624
40754
80615
52717
106548
6834
14757
169157
84875
70917
52562
52137
1823
104028
38596
10377
29148
27815
24681
102984
114592
92332
97144
77599
62216
183895
62118
74714
93608
60501
7115
116279
89051
24763
85657
74474
41398
48953
45534
120232
18759
161869
59011
3406
38872
109466
131121
6136
23863
89257
85720
47271
81285
119309
61878
10466
69383
70646
112434
7802
75556
101895
770
34428
12372
80517
28234
5507
22011
66557
192963
76045
65137
84008
6681
70054
91082
9799
50165
60656
65430
81016
75153
76738
73985
127917
109577
37868
65461
66326
85565
97888
21009
64677
83781
13216
96067
70245
14098
19927
78687
28905
104933
70643
84039
3907
142143
101627
46692
52245
5959
67103
149256
7318
4001
71299
46242
49639
70022
66131
175567
132908
128008
175525
86109
25922
15422
6109
86885
113155
79246
80092
109640
7651
159462
47964
9125
46153
58158
1842
21195
13620
65412
19386
96149
429
25431
34824
36997
40338
95811
95606
72666
151220
164709
31679
102403
101705
138662
35249
9241
121525
72590
65946
58653
111180
25152
140084
110428
2976
68307
601
109399
94950
110503
111341
78721
105542
84992
47561
15852
22666
146487
22281
8073
6104
66118
58624
65606
132764
107938
34762
60022
54288
67627
39805
105138
107328
48001
81043
73852
43359
14729
123877
152941
45044
121044
31004
113866
8928
35234
153627
141242
52628
167133
120135
141558
59032
56420
76379
126856
106870
141533
49181
26332
11108
39660
44374
73724
34336
115549
90525
67458
40139
64042
27860
189073
12837
63184
66144
132523
40992
27541
129323
89561
77359
16771
56124
30289
41991
76247
175284
123540
82509
16057
101369
19765
122639
52955
47342
134960
63735
125361
32334
34968
125937
13122
82311
57885
8999
69847
33426
25280
99005
44195
19073
22389
73269
140159
159439
39050
34547
15565
72216
49552
99763
52907
2717
53702
149381
134032
54029
11334
8189
64635
123174
48204
99128
51783
43859
19830
41655
28607
56959
39071
120425
101348
27214
28238
38261
58095
65916
54785
118434
124848
2017
68494
152063
145053
24759
52187
59955
27560
29363
56664
99978
33526
26152
75349
45574
50350
79139
135059
3610
97601
106526
115145
51457
17929
2833
31189
161613
21251
37444
28164
71811
37471
3775
3679
54903
142774
182772
122572
83048
117189
50685
97956
36642
23453
32763
96985
118843
100475
42576
58290
577
70018
17616
84619
115618
43868
100170
99155
87037
54781
6346
64528
27435
103922
43388
42532
96149
36352
32127
95521
64626
77558
48060
109709
834
51839
29922
100874
48446
51373
42893
33167
19988
14383
5442
141821
105239
76673
39144
43914
28268
30847
137012
25916
129432
90645
68531
17907
20536
79486
38371
66778
106091
12824
95153
177481
38734
56288
56586
8807
46515
71676
18777
123927
55495
43455
68808
34056
159030
54774
183224
113881
193286
43911
138724
14519
106019
121018
61065
45642
147616
156359
56752
61392
96683
10826
146497
116090
80780
62125
9763
89945
27501
26592
29865
42483
177733
5838
15538
12452
71910
17601
14015
19447
67890
41957
63959
41361
4072
14252
55911
72743
2030
92563
120686
103695
64023
34946
19193
46858
35229
123918
30266
78354
35534
45125
79126
18908
100110
123722
66435
136771
34641
155523
67722
84870
127311
48514
137159
121334
82172
72168
9973
19912
58467
83350
89387
134121
51147
40311
2131
72469
64575
12419
55958
41863
158095
8780
38879
56646
54723
121200
20482
68357
80291
11352
20077
101283
104937
5997
41482
7815
105369
102257
23263
90929
816
82067
176343
43072
28608
53953
99263
15197
27023
5258
65879
30526
118414
113910
63613
36864
69862
8798
60102
44498
116906
32289
27382
24180
5005
30536
44129
99140
11283
17625
33086
75529
1225
15669
53158
11482
59304
164813
56521
47517
9025
101093
119663
140859
92191
37528
101774
7183
62989
53658
14063
101456
63095
1231
81792
55995
87534
35954
115432
127503
133270
120382
67647
55494
41260
15004
7530
150068
62846
29777
84565
51224
64723
17786
75126
10956
1628
66709
22332
10559
80012
103633
18857
174568
36915
78633
65706
149517
15797
7633
86082
130024
70323
50975
168818
246
35337
120417
30768
61882
13844
102555
43219
35359
14084
67003
17632
93345
194772
90743
10850
54404
164546
11888
65918
73996
2861
16734
54278
49510
62351
34785
69435
96679
37268
169257
3684
50266
17534
66545
79100
3623
3835
160
17406
33028
87344
77013
60534
58432
74673
87073
104970
13816
99532
61264
21499
66292
36816
126988
89517
2410
75648
54551
32571
71724
24494
175109
155697
82199
11751
124397
58857
101439
5769
67999
52886
1586
128509
24871
127082
64884
108380
140322
121071
6449
75632
34997
105378
27801
113261
71985
49738
142356
77109
96896
109245
22634
91897
85238
59447
130396
155774
72102
157326
129285
56585
111145
100493
27933
166839
175914
4616
56138
112986
122326
83531
40634
118198
97237
132994
43210
11032
11321
116696
56610
5968
43500
81541
26239
44652
62934
78191
43265
43321
18872
43165
52158
39677
65484
126617
153743
99667
55296
29986
41435
108777
70778
91533
49602
57307
16266
31394
125846
24438
5858
58003
103121
31527
93958
24543
130882
11577
26851
172084
29531
76351
18150
47063
131477
42548
30423
45952
98491
30958
56758
79447
81621
47168
27898
72838
2921
85061
5981
5528
9385
141465
137306
49480
67414
69974
34591
4722
115121
16986
56043
94983
68581
21122
118410
40237
69896
11846
33070
78242
20850
34658
61326
144615
91102
8545
132191
56953
122380
45350
187490
4196
6811
50465
27425
76357
16275
43851
6990
105665
147285
12320
189941
92824
65101
6541
85817
57879
93882
100231
61906
84590
20423
51349
27407
2236
16798
31142
112773
26012
87881
59391
66462
7904
113284
17416
115128
108120
87135
22198
124568
3963
88196
4427
15211
7630
56186
100615
98120
71717
94479
60111
10401
47967
40673
2197
118272
10202
7376
40953
52965
93379
51236
117269
139110
40373
4638
40576
7738
38749
72123
11317
132977
26685
56882
45511
67021
49937
179521
49243
69707
66756
156063
133909
37550
45341
104378
66191
156337
86640
9180
111439
126485
12183
104937
178896
182348
84984
175010
121340
30063
99153
2015
5274
35839
10238
22401
2067
103077
96645
63637
27119
31527
164088
22342
39917
30132
122485
81690
38248
53307
113198
169668
55449
97836
103682
71314
56430
58610
184992
12430
111069
70731
49249
12943
90421
99231
39253
92334
80805
93642
91116
38038
30303
4908
43234
100503
72744
23557
104747
24307
51003
78550
11498
57436
60379
123047
154773
88514
52605
3454
17166
142487
6633
22957
21025
6795
78790
124617
99542
43613
57752
164031
130953
148496
83315
52695
110222
15613
98681
162530
22834
10167
96432
51775
17379
98197
8563
40882
97360
73090
100481
28260
18310
55230
40134
44261
148224
127861
168860
47873
44920
4261
74414
31199
41764
73832
2202
58893
93385
46341
150026
62722
39014
88441
8854
22588
30558
43504
77068
89502
49870
7231
91211
47721
110358
44806
84456
111168
16099
45048
133779
3700
5731
85380
7523
4071
134133
3667
32136
97219
11538
27015
31852
73224
160897
7746
88071
166432
64251
75201
92384
36752
181030
15438
46088
6362
33106
73025
124243
175569
17644
29261
121973
30629
106734
67416
30302
60173
15814
166976
4139
176694
95684
1344
50092
22714
118342
116902
68440
104130
85511
2146
100617
87485
164094
57537
20788
54765
20499
134639
109103
127966
77821
38481
33438
5284
68830
112437
76386
150758
37428
6415
98800
104912
88855
163069
123277
123991
86255
163203
99515
163088
93466
35239
104177
29398
37131
17444
72134
84737
92608
119341
13412
73862
3088

--stderr--
