SET
SET
SET
120814
8924
5376
100044
129972
24417
618
46788
23407
159694
22526
145070
108904
8167
10703
0
0
90037
40665
44202
24603
111309
37658
50886
8391
113645
6258
72532
62610
61374
0
29307
0
36965
43675
71716
0
0
23167
26969
107555
76088
0
58362
18398
40002
136703
8498
153860
98328
17535
73821
15029
30686
25608
9860
92453
55754
146175
77038
60894
0
96102
95833
20591
37713
52720
25394
0
113828
161573
63986
147768
8833
32518
8801
16369
112194
15672
88474
30994
42194
49704
2740
70201
61639
22325
36396
12909
13548
72427
128271
43588
24845
169483
21135
117280
98940
37093
6929
58609
163839
49978
51901
183521
20451
32125
75273
49771
107827
90661
67463
13713
3636
24000
48110
117911
43883
96863
15892
141570
0
64116
17345
0
97647
92130
43616
2659
114460
3998
12448
84489
109258
32037
111085
26606
111221
44974
157164
93465
68739
99570
40519
22308
0
75554
135175
63056
1253
4984
37074
28727
13564
67142
103869
58406
58583
20453
0
49268
127262
189406
95462
59654
169509
7345
33965
5610
0
132985
65772
39423
98834
99320
32120
49078
44447
124674
34494
0
22087
0
71739
156031
25626
0
151374
56113
8382
62581
101151
114719
86288
19145
146109
0
158123
0
170281
163024
101047
0
29544
872
169636
81407
19228
164287
82284
0
161422
10254
33145
71532
63387
7323
0
14837
94738
165568
1264
74336
1539
52599
8788
0
19618
118987
0
18655
53406
0
98512
22978
20054
133132
14393
43870
114713
39
149146
13534
0
134174
3906
10213
89196
22513
30722
129952
0
55331
9547
33042
157653
64625
60671
31429
64480
157069
18555
156903
7417
102181
25109
88785
58450
15349
88459
135956
2135
60943
69347
122660
9042
88873
43968
47856
88111
30099
152277
31065
47117
129726
17260
94021
100927
0
123183
0
170673
17851
0
32635
97851
153873
65945
81266
46695
87879
0
3500
0
36331
77389
116848
54806
52743
172224
62316
88482
134489
11263
59408
30670
34034
28795
18470
92942
68545
80500
148621
24175
76883
120707
31805
11162
57637
183900
80205
1776
38858
187260
83064
6743
3082
49401
124620
149487
146426
82910
118176
136283
46755
0
0
33163
100462
120788
0
9923
8324
21815
100453
55445
65944
17953
0
5243
62924
116326
41595
114081
48478
112932
46754
96035
258
144864
45092
172149
33297
49940
71696
135711
0
101855
160080
40253
35071
79592
69447
0
0
8208
24355
29512
70284
0
41319
25429
146082
56246
83326
3773
84054
74182
95558
20157
0
46719
35132
85819
24833
74354
25228
5711
0
92183
41044
172580
63818
67522
15998
146015
132931
51348
111008
18298
39838
124677
4400
31163
3117
99898
24927
0
59538
0
115443
72124
57001
104408
17432
130631
129835
14096
59750
128696
88154
56536
24472
79495
143111
37407
83408
31489
148129
41466
8419
127742
92297
160872
167335
65667
0
80751
78076
72403
8206
71137
59024
32027
0
55040
26659
47986
15935
48769
94767
89370
50242
28683
45734
85723
5137
55082
81769
34261
28135
77482
179229
78571
14519
18720
158391
23963
54155
102800
25635
76299
151690
0
0
22166
32521
4945
41892
122121
8537
118840
160399
148472
27128
106185
155860
39508
158434
102298
20016
46000
92723
0
80532
108330
103651
17102
59798
0
0
5820
33226
161565
90689
48051
83095
107167
125351
127658
1498
95035
82297
23339
113804
89152
117535
0
92763
0
76831
18497
12400
7653
155594
43831
57592
71332
61779
14013
112726
118433
455
194758
58874
0
4440
34007
132470
9564
29115
178623
14112
72842
78497
0
70573
165947
12202
2971
109537
0
49958
114143
21321
118671
0
66100
61347
46404
3860
22636
0
27557
0
38293
89157
44594
88397
186876
87093
24380
171475
54724
0
124468
93720
79587
0
101742
43661
122950
103002
0
21719
0
0
159027
68249
30608
2103
0
45246
0
23074
189613
27453
25799
1611
77098
106489
40445
121702
58456
69944
91684
82792
132988
25230
80168
42191
20816
115112
105724
168962
0
0
141572
3859
25099
125257
102869
486
40380
7165
114197
97732
58784
363
189442
71125
42802
10776
21135
81918
12480
1637
17997
29492
44470
0
108659
30508
72254
151467
70122
28753
85309
99337
87434
30534
113514
16654
103557
38288
452
0
160476
79134
64640
123783
111664
78775
12645
3633
146986
411
96852
127397
119844
0
0
11143
104175
0
0
157140
93960
51952
46919
0
41515
142351
61810
146456
74005
91708
57994
33769
47124
5553
36567
104268
0
54872
26025
32564
176067
14881
33244
78973
79130
63986
21694
107711
59332
49646
52929
13913
43024
82558
111528
146065
21372
800
142425
0
0
140273
0
2532
71760
16356
50854
137409
12700
131024
80980
18432
146059
23618
55473
29986
166624
121428
67171
23552
74763
5576
79326
1793
83949
78659
39921
45479
14478
45541
156644
106310
84423
53726
54626
48516
101274
46136
109845
44993
137191
7167
116145
28734
180829
91077
164954
47350
37445
36260
3805
39340
77289
121298
110595
104560
33725
63429
90627
2173
14014
29573
25708
80072
0
93723
165926
16011
23329
131998
164780
58816
113198
77469
12214
14127
61204
103778
0
101875
63990
11696
131354
166024
31065
65133
104261
0
74530
116719
67017
126468
68566
16628
28092
45594
16701
17048
79577
62606
58140
84268
77088
1813
87438
57089
10376
42899
128099
0
89220
114669
93087
75145
71058
46693
160965
62059
60610
93008
64923
11038
136195
29875
24766
84271
144144
60655
135260
28918
100728
24002
116747
59010
3401
13653
104937
147779
0
40029
88781
102936
78013
64090
114794
61876
12151
60288
45732
129936
39121
67308
108941
774
46765
0
122992
42810
5503
84895
87736
169949
120730
107524
177946
0
135511
98874
20036
27463
44967
63292
60369
131273
105949
106806
123576
95052
37871
23345
66324
70584
73874
29055
105887
73425
13222
83549
61728
21081
22386
146726
106519
108763
47295
74030
8028
159151
102586
20330
37363
7179
71220
165156
7319
4001
111175
149957
8517
55367
105767
193560
151801
145987
151921
52836
42070
28005
18819
0
130065
27513
69994
6601
7653
99602
74207
33931
125610
58158
16570
37231
25768
54988
19387
0
504
25449
77050
82906
11834
83105
85230
109624
167712
180470
44728
93565
119289
130560
1215
49473
114258
62646
57919
36003
14847
44183
92212
21345
2971
23694
0
65311
53905
98303
119240
66877
122655
41618
47561
26159
22650
146576
35514
19527
6100
51581
43338
127120
132699
98568
0
82441
98344
98475
23554
106136
123473
4337
17777
81029
71597
80131
126039
171293
22581
72450
74597
87575
8925
35224
172732
137277
60851
75232
112108
94438
47565
32724
69039
122689
119712
137617
32386
0
14758
60664
111997
79512
69633
102491
66123
47069
61834
134354
0
181224
0
17738
41859
72830
41070
39530
122799
82676
1856
22318
38513
3523
0
64723
128598
124208
67605
25076
89374
38076
129706
52951
79316
129106
14768
121402
0
0
115395
22339
69195
98468
11635
78248
43980
35493
99583
0
19072
25531
81470
50330
178030
64494
116641
22164
62687
34181
0
86301
2713
84155
169147
123860
99748
20974
0
162560
105214
48193
91492
85489
43858
19755
18581
45037
45457
18440
105103
92970
0
0
70055
139827
110183
0
134165
126400
2016
59173
154396
163451
24771
40935
47045
0
42078
93020
83815
48047
81074
67797
0
50348
148345
129005
18003
94649
118596
116957
77217
17936
2839
31183
71358
21252
115783
41404
5615
53876
5690
5075
54905
123075
159995
117487
72335
118245
0
89053
131136
85510
6879
84578
111407
0
0
87485
573
109816
0
86283
28507
76781
102298
104989
73896
0
12769
83910
38727
114434
18798
64045
80798
60754
45947
91919
104070
47898
79740
101901
831
51783
29922
116330
48442
36266
42893
10217
33749
33789
0
122136
0
38210
18361
124329
0
54510
139745
46760
147364
84044
60960
32539
38232
151638
38298
106925
89978
0
84342
153285
4853
16100
37676
8884
99840
55960
29989
126171
19940
17802
57985
11978
177998
78363
176409
34569
172555
0
155230
14520
11472
138214
36628
45632
84454
131150
88980
39712
70843
19838
148626
95474
46995
40794
12935
85916
42551
51235
4333
27909
89602
5835
15536
12458
60225
17596
18864
0
67881
0
20837
18505
2759
20956
41383
33119
7328
67229
139463
81351
93146
15800
33919
46860
16473
120565
0
139835
62263
0
64730
27481
90061
112457
50817
89648
34709
133702
75653
26266
117800
114976
114541
98658
77486
44985
9970
25238
46875
73029
79110
149830
98041
67940
6905
0
43295
21568
0
14879
107327
8848
38874
0
41189
116867
20476
148532
60594
22744
0
91454
91640
14342
0
38926
122078
118412
23193
77166
4143
70599
177238
64316
42375
77347
100642
26364
45369
5268
32799
10265
119593
105529
49704
43581
29918
11968
83214
57118
103950
47067
3311
41701
5003
30543
56728
83091
24083
32519
33087
53326
499
15665
0
11476
41035
140902
32127
47518
18011
118461
29502
142084
68158
14825
87786
9752
97757
79129
29307
101055
87241
1219
68327
31715
77356
0
104525
142696
135657
111340
59477
39777
68451
15002
7536
87932
79395
48135
58206
34983
55771
17789
60191
17044
1098
57705
101086
0
67982
108195
30086
194932
29928
8559
29663
168275
20601
13120
102587
144843
57724
35967
187110
0
27833
117166
30768
100480
25896
84707
19242
60281
19676
170157
17639
81426
168723
75797
10855
0
77714
44720
50819
60800
2857
35738
29710
34829
62353
62029
32713
107865
55323
78351
11237
89049
28591
126242
63285
3622
3602
0
26470
33028
86667
58252
98855
35838
176517
87687
123196
18654
0
22361
0
51405
60585
145881
90042
2395
66657
0
46442
61117
24503
174669
150171
61986
61926
131531
97236
84511
0
132895
71859
1582
148477
44610
118198
0
105527
160384
133870
9796
95317
12265
0
51542
116472
64071
74541
143411
52935
92287
111844
41310
82729
47813
44412
149921
131841
175355
177324
121041
40754
96901
106374
49867
184570
151517
10795
31978
110120
130318
139892
60255
95888
75567
127447
27841
0
0
100596
107633
11237
137770
58581
46866
143751
37500
78359
28894
68052
33387
146973
107209
0
51251
118993
91897
87231
45366
41583
41433
98693
50448
92721
49605
88127
16269
58856
126626
24444
8655
58010
103496
0
60419
41089
106866
21544
26847
147728
29532
176393
0
71180
136037
42546
6874
89210
98726
58897
56756
25219
77138
31165
0
115044
4238
100582
33842
5525
9395
159519
134049
27738
105597
99967
34586
0
111312
20856
68215
63269
84017
0
108599
75390
105677
11855
33073
157582
33444
34664
97637
154294
109456
11812
134681
43529
99196
84588
124883
4198
8809
75268
27421
68334
30705
46865
0
90241
164920
16005
168228
69935
0
7080
68416
86522
74879
107898
102621
60406
20417
29737
33832
0
31538
31148
98313
36665
71280
41329
95668
9258
129662
0
122898
124003
78059
0
103137
10956
89536
4423
83866
11499
65187
103380
72907
60907
86856
89751
52490
47963
127149
2199
119469
10203
11466
77700
116813
103917
0
130200
147636
111213
87911
0
8469
70325
19457
11323
150473
26693
34786
130504
107172
34520
172251
32391
48447
64080
133624
149823
61408
72089
84556
107873
171899
60329
15167
99018
128070
17841
89564
132145
160120
71463
194896
108297
49377
89191
1946
6295
63722
45575
33346
2066
92950
2911
53041
27081
117046
142093
0
39913
49772
113295
67140
27928
5530
112775
187672
87278
75851
89295
47086
33818
82217
135213
71450
101179
0
0
15006
69998
85041
0
77365
64448
191712
76566
0
50503
4912
16824
83011
0
36743
107007
36925
50993
2207
23636
81901
36417
54032
163634
89010
86417
12135
25604
119208
9223
0
32441
13524
69398
116169
82155
70808
110644
140175
147993
57984
8973
85264
128443
0
0
71098
22829
10194
83240
78714
26671
86208
0
60635
76753
0
102446
27484
0
86562
131443
66583
149138
129104
183549
47873
0
6798
60837
31201
65665
41846
4796
22375
70514
46341
129792
31592
69882
75335
46489
0
30553
73009
11006
79030
74334
7224
83677
77583
119159
44803
70523
22505
0
45046
128581
3701
0
70665
14036
1669
125790
3676
46256
71024
21677
48051
31847
0
137699
15259
65823
184235
47064
64065
71532
0
155660
32902
71998
6398
33112
57907
143169
126791
0
0
140407
30628
57231
55538
30298
91284
15744
184137
3316
196244
81762
1326
7927
31629
34828
61276
47812
111113
75965
2143
0
65668
156438
57535
20793
31577
36849
134197
92756
67064
56322
58573
2899
5281
61434
100247
17169
87248
60229
5705
87446
55303
59858
184549
76611
102628
91338
140274
99662
164218
88613
0
89068
41411
0
17446
108665
39617
78440
113692
25215
123204
3095

--stderr--
