SET
SET
46550
11186
85799
78103
85562
39947
54290
6761
46549
2834
74530
61044
18693
5324
84179
89732
62507
25037
45314
22420
74042
5722
43425
55353
10835
7862
40285
32273
53817
1235
20601
21593
48031
28403
65060
15350
16470
17170
34601
49455
75073
7962
4832
65649
9226
69816
33885
955
33282
388
59155
8921
2996
90077
100692
90343
2979
15990
9709
31154
75373
33669
48339
47546
6407
16027
5222
17950
14811
42204
10026
22336
5001
2315
42987
7878
48298
50500
55155
87486
57230
25170
40785
68937
5612
1073
32490
16250
6635
581
22375
30647
6075
30736
19958
77138
63039
32318
46555
26699
65198
46000
72178
66834
19632
5949
13149
70463
57751
8804
38556
23283
82703
39060
56992
49248
20596
32933
13132
81851
39641
22937
7569
4448
54988
20599
19356
10253
53486
50264
60319
84669
20642
53079
12261
67351
24855
24166
11767
5628
3698
12440
12621
20686
33222
24785
6176
39344
67618
32564
39683
2616
29881
43348
14427
31965
47574
16531
2421
45364
2606
24539
53495
62830
34826
9573
65476
9182
86956
29312
26636
47291
14617
3987
36570
24246
101638
30159
22574
46822
24165
8259
27447
24524
33818
27151
65420
74523
71242
25193
7375
36320
6159
50401
48256
16742
43555
20587
1518
75647
64941
5843
36762
35574
10894
4990
24548
18650
50994
50243
46319
5273
44719
30868
36657
79766
64258
30949
17925
11467
2141
60269
59621
86786
59482
10386
4238
43140
19808
25402
39180
9414
81093
77251
25850
4382
34273
20702
60644
45135
1040
29296
7778
51203
17926
30016
78126
8267
93715
1540
59657
92019
13145
7541
56589
65612
59770
14623
20946
13770
21780
50864
18639
29976
38710
24967
38122
25206
75121
44423
45837
63090
13273
22819
27232
80557
26145
16018
15025
54834
79700
78267
19144
42721
47101
21332
38170
71621
58119
23462
69136
44160
14580
92660
60762
48116
193
65123
9487
4935
87287
14454
7945
29395
39478
9976
35696
68059
41123
30989
53697
8271
50313
29787
1916
22347
27723
47771
64224
46715
28952
52368
28001
53430
18046
50583
14744
48483
30752
21171
55561
73608
2155
42179
212
67959
6148
23608
8490
19122
54972
37718
19222
37187
54771
17214
32760
57961
63251
10872
91552
29405
36993
61898
11836
89391
748
46466
31770
8923
9234
4431
17984
3667
56886
37127
53866
17634
11974
62103
48936
17129
31514
26228
71101
42572
12423
16419
5651
40093
66044
46352
47325
64339
22806
16549
31331
10836
51494
41414
42095
58071
32488
42414
11858
86187
44891
9579
14423
92053
6127
37384
88328
41640
48272
23828
33508
13877
18443
36226
17791
64877
79597
27575
80701
73318
22856
55566
96259
49748
36573
23166
37339
12882
48855
27975
28368
10634
12909
33386
27486
22194
88588
33287
5207
47093
5001
2271
42888
6114
78207
8056
31674
95736
33008
18484
24258
71360
48809
50969
46686
18486
740
57874
65231
25871
94405
9378
79121
30170
69480
56321
10685
53959
45928
84554
26070
3145
47838
83606
20019
8118
51654
35791
42113
40722
15336
43251
25552
13694
1998
14588
15974
55266
81565
43927
85849
47248
19182
17355
69804
47035
31566
58342
3075
30020
15028
2070
49463
74843
20098
37548
45300
67635
5612
4589
63820
50710
27001
57114
63778
21623
3985
61533
26211
32744
48610
44829
71237
27274
13018
46198
21809
42057
13118
41547
59824
48351
3415
63638
1895
36134
36938
2567
15213
28060
47543
52949
9994
58678
69934
64231
53921
97146
9915
45614
23601
22391
51764
21047
77297
27172
2436
43772
9336
84536
55775
37213
2147
69558
11213
54223
99591
32126
40597
15678
24951
8571
9610
48762
19833
6561
16116
4428
12710
23082
80791
50855
90267
79369
24964
44221
50854
23218
48869
26407
52844
39074
76389
7416
25746
32131
52081
23394
23600
36858
58582
158
34894
73399
33359
19338
21405
44467
43672
76292
1930
58653
14807
68281
27253
43923
5943
12965
12762
60150
19218
713
37732
37800
37899
49919
79692
31094
70791
55801
6473
65204
36773
31710
71054
82303
48525
22298
24000
24865
9157
36569
10622
90115
4653
54599
33486
18402
4523
10923
30815
38359
73386
34338
5185
26575
1067
49919
29016
15679
23478
12060
89973
17955
41449
5631
15992
62596
24717
5884
9311
43540
8503
36718
71491
45719
53143
28705
4526
20623
7938
13347
97976
42358
23994
31087
52260
31851
61126
30912
38870
7157
32483
12598
40582
21527
350
65783
46474
8642
39391
13264
81939
76324
54234
62249
16939
102383
31172
36239
48349
57593
12476
79927
6842
40427
3532
32532
20387
68139
65515
46223
20142
67416
6606
1897
14250
13219
47632
10564
30543
9156
65834
55201
9176
20429
50088
45687
18455
48611
37716
30928
17153
36563
24026
25225
11732
59162
24207
54724
16719
36810
34807
91210
87787
18357
29114
8845
24256
20845
5999
35998
46377
40036
92665
7600
62181
16371
39819
59147
12217
41268
14111
93412
15264
18532
19338
973
21108
99
4766
65992
6610
26338
5154
33046
24146
61500
288
24118
3520
46493
57192
1273
34388
3212
32939
50605
480
7223
49582
79866
32785
71029
36434
1300
21250
3399
39781
14356
79486
28348
43091
4459
49703
15861
64781
3328
44656
85029
29893
79778
38507
6710
35463
15788
29738
9444
23549
51049
18686
43097
43657
6961
14026
4388
36433
1893
100592
7418
699
68270
4338
8949
56049
67972
41017
4170
1754
46258
24371
45645
54418
14556
34874
1409
26964
36892
23320
9514
96521
24819
12280
23537
12314
48214
22399
93431
28491
235
27917
1795
25270
45
12584
5153
93824
43341
206
25040
18742
9796
29347
22198
91228
67970
30776
17394
68207
77098
9689
15600
3693
81957
3385
44170
26346
89794
13149
72381
2366
51754
26448
8212
35381
30333
12645
39970
15835
13248
31675
25315
18979
87459
38339
16158
75528
35185
11813
43407
3475
34337
3156
22950
19024
58739
987
41851
8700
19929
17775
26152
41260
7663
72683
33891
101799
29001
16371
3472
12386
5435
67952
40768
56929
18912
60377
11479
11309
8140
80263
79110
67561
93068
6048
35921
5241
6859
45040
74694
80141
23876
41018
18947
39187
22159
79835
12657
21905
65333
75541
59254
16281
27488
18524
35113
57397
21005
35317
22277
38423
34739
12327
19602
65721
9247
55706
10065
14257
44735
69768
76264
6972
32710
13230
32396
31977
72401
53189
6653
96833
3075
59618
48548
72950
27107
55999
18405
10590
31037
9816
61798
54866
41856
51653
81752
6631
11329
30310
35928
8406
24550
22013
17372
19633
73635
15835
15854
6473
3933
36248
40809
68505
48832
46704
3268
83251
12044
21659
41839
56323
43438
73044
34353
80074
28694
33710
22110
80708
13619
40800
34942
11136
64712
3554
46819
11603
41376
27366
30837
72775
44794
45008
80712
35858
19650
58746
44776
22236
75723
77061
47324
10567
31847
16580
67200
66675
81540
63036
77968
41841
9825
58407
14197
3481
70992
10978
55422
65782
10571
5575
8372
18781
2373
61560
84760
24970
4668
3969
60394
54579
54323
58309
21996
95374
50699
82172
73558
8574
9624
65954
22742
44790
72440
9781
82839
24699
20119
45135
33919
47622
4188
71047
36182
16486
13412
12595
72804
23814
15206
82179
27447
50232
26547
23620
21285
5272
55621
23353
55414
571
20773
31897
2017
24969
45048
31529
10800
1705
77836
21538
22686
3412
30996
62954
47428
93616
2273
23160
6632
47532
94913
59352
35441
71190
1178
44934
8499
70192
30058
33636
20775
27441
40169
30535
5803
1321
37485
24781
78145
662
22238
6044
1986
29987
6970
13218
5308
16163
59517
79730
6807
61489
70371
69050
3712
14519
17073
13334
27109
18571
7914
4750
73617
57531
20573
5107
29368
15710
59406
39098
57921
80034
58368
76575
6118
85345
80555
480
43138
5093
68849
26104
45010
25707
1661
47825
26522
17782
31209
49430
39610
37108
16024
10055
28801
30299
8433
53387
23835
15750
36122
14189
43498
47489
17249
20533
33977
76683
25711
43707
26313
22634
24920
49740
55107
46321
10972
10721
36921
34867
32980
482
37350
50909
9338
30317
28317
21618
86059
20351
51284
30288
14940
5032
49383
22616
45097
1534
7091
15836
68538
20050
69184
16548
55953
19305
78618
22882
64744
14606
35138
98953
6048
14736
12698
80664
3637
42050
5252
20508
28977
44248
13483
8121
21136
51576
10071
36022
31052
41212
20952
53846
52403
38076
17336
70507
72507
22411
15319
1144
9095
1667
55926
11197
14845
54042
12481
19372
26199
2414
18173
33557
17146
15173
49541
39142
10053
25015
40376
80666
26024
28028
15639
3641
79425
29745
42299
10418
60534
6037
18259
16057
28184
64098
90355
216
20380
40986
53115
70182
8413
30083
11684
64242
2830
56920
55537
53600
76377
20917
20142
35459
12700
41455
38313
83873
4589
17278
84068
10290
92267
49044
3176
39217
95198
26144
40022
73271
20291
9316
16308
18075
86738
63046
4
65273
70298
6164
22556
3102
3116
83318
85226
24473
41228
30495
37455
5536
39211
71913
20349
39512
5810
51079
67705
3760
40412
9445
26214
9195
45427
27546
2393
14458
24408
24542
30692
2532
9260
52204
51234
61080
69381
35241
10658
1621
36071
12620
29397
65352
61837
26576
43860
11130
12615
44387
1637
22545
38380
37120
1302
52128
12906
24672
43323
22742
18181
24286
24988
4211
4085
17871
5445
68422
39150
92822
12788
15812
5788
16615
74855
8731
27427
32484
757
90176
3564
33094
9757
58415
1824
19180
49686
14797
36377
16892
76435
93450
6180
25691
11332
15931
51787
36001
12718
11474
6190
5891
65152
28568
24705
61524
15243
7310
14044
59255
95505
32135
17932
373
34707
64864
28122
35679
58232
12092
39409
21471
15437
47496
45751
67963
84220
27413
12663
44806
75348
55004
63744
50731
63870
35125
19855
25917
1173
78105
47516
44256
33389
42975
63295
3735
14367
93089
50001
8599
20707
22727
51818
80865
20606
17743
37503
26264
65959
393
12925
12096
42180
5586
48548
22811
29871
24379
19375
39813
17907
23856
84531
56239
20036
4784
11814
6272
67410
19134
18623
1207
31051
43639
26466
19373
62489
59920
41075
13797
5832
59983
56005
58576
34874
74997
49355
1629
43553
30797
12621
69239
38819
47262
18252
61814
11829
24003
59485
11839
61637
31936
52999
22505
57158
19690
25343
2773
68768
14884
79889
30076
21674
2878
66633
21675
39725
18343
56036
8730
34219
64091
42130
8792
11431
56844
37717
13085
18880
2803
12047
58257
9182
8791
19389
54169
22434
19425
63846
79667
36081
50434
43898
5359
71287
16
38630
53400
78
26056
7204
34937
2060
84015
21651
4300
80191
3432
2533
64090
59876
491
21522
21343
34388
27650
21844
10376
7376
11696
77364
71783
959
65712
11576
25267
32311
20574
1348
50042
57083
88587
37982
11440
18608
58066
993
70324
32322
75646
18674
19569
67259
36723
20022
58532
12614
19302
98503
37810
21546
16376
8054
4707
47009
22866
1917
34082
57946
62740
21664
53081
20815
40380
21407
35845
18282
1445
33322
68509
36485
10519
72896
66428
63711
26756
699
21494
3816
91161
23646
44552
8473
17305
41130
51559
37213
58492
41416
84216
29670
16499
13830
4260
53752
43024
65533
14022
18882
32458
24537
14931
14366
3008
30459
8507
18146
23425
5616
54124
31338
14209
56478
2209
34344
32827
45298
19079
41710
26334
16809
55570
1917
1547
8802
84580
26142
54808
16366
76012
1590
76187
26580
77172
70019
60760
8800
71092
9561
10887
83828
47742
20401
80053
26451
41858
78770
35714
31144
26261
43788
8654
588
78662
66044
38240
61691
4258
5127
14334
47937
20507
10065
64782
48974
85350
12776
22703
503
26121
79176
82855
22141
76611
59787
32445
64798
42193
44591
67596
65855
22124
48285
36309
82889
52953
24401
11141
90483
52672
34599
47985
68213
41859
46886
11904
32296
27244
39115
7005
3775
6471
27918
7704
36533
8359
2439
9034
14213
14621
65802
71476
9187
43294
12834
70653
51257
33082
14926
13092
26697
64750
19799
3320
42620
77601
72064
76425
76263
14145
36165
36249
47467
38740
25560
7643
39965
76128
23797
25482
11081
30464
3535
989
28925
19792
66919
29612
16982
12747
53223
67700
5741
9210
9710
28092
56315
2895
55524
47121
85467
13384
12692
53258
22398
12662
13614
10876
81406
84844
14731
13891
62349
84720
31079
52
65651
16823
44455
57116
51460
5138
62057
44908
35537
39694
5666
12922
6779
23331
74483
27883
20299
52012
82503
53540
41627
6764
33649
66199
3718
41283
89016
38047
26479
42931
58001
44951
7269
7770
37242
883
86364
65419
24464
25784
21858
37790
14032
574
30380
19222
12591
28871
23587
50250
26244
7122
8650
21426
59223
55408
53309
35664
7761
13579
23063
30754
11831
14153
53972
62726
7321
16124
89498
40156
38766

--stderr--
