SET
SET
58504
12785
21598
96749
14032
0
67419
0
0
3202
0
76366
21987
6195
10451
65187
77668
29481
27659
26155
65996
6873
54625
37433
12527
9996
50924
40782
903
1418
24129
25455
60207
36545
40396
21063
83353
88193
0
62406
92607
9595
0
82159
12827
86499
41273
4061
39676
506
73912
10046
3448
58926
90448
48917
3341
20648
13531
38025
9055
42930
0
59314
7962
18845
6139
21916
77732
11440
12242
29111
6547
3191
54746
11553
0
63245
35754
24656
70912
32283
51477
39800
6778
1964
41507
81590
7852
603
26736
39690
30153
39105
0
95496
77786
41019
985
34467
80672
21630
89399
13341
23691
6763
17294
59048
71821
12271
48765
31110
68223
49662
19920
61605
0
0
17824
32553
49933
0
36064
5862
68195
26585
26290
14251
0
0
75993
51480
0
9752
57859
29693
32779
0
14404
6530
4314
0
14855
25207
41974
30385
8007
49797
84080
41428
50371
3083
38559
54645
0
40537
0
19561
3180
56706
3321
0
67685
0
44721
12773
57062
40261
42346
0
31242
58650
17928
4729
46186
30840
98984
0
29276
0
28938
9770
0
29636
41580
35225
0
92968
2710
29626
9438
45858
7632
62847
61945
0
55198
24931
1873
31266
80236
6779
46931
44970
13272
5922
29083
25428
63634
13599
225
6597
26199
36463
46415
46217
79742
38233
21992
0
6019
5036
11282
74025
74532
11795
5841
54099
25775
0
0
50345
0
67227
33718
4990
41842
0
0
57324
1169
35092
9203
63860
21401
0
96702
9983
68772
1779
6479
48142
15585
9989
70222
82584
73604
18730
26727
16206
28537
65130
21898
0
48998
32139
0
32636
92686
55618
0
7415
17640
29615
33714
33125
34370
18828
18948
0
98748
35289
23666
52939
58958
28065
48530
23741
72022
30283
86641
0
17907
57355
20211
60187
284
14734
44791
29010
71841
17002
9739
37588
49156
11827
0
49800
52045
38195
26206
9861
62723
38023
0
29756
32441
0
7454
58819
0
65146
35731
0
21838
63143
19021
61281
0
0
70652
90761
2459
53088
316
48303
7020
27763
10282
25704
68381
47578
23408
47129
69693
0
41481
7386
16613
12676
54626
10215
47167
27569
13755
56657
774
57939
0
11180
44960
5326
21659
4069
0
47202
66894
21270
14112
76880
61028
0
38832
33682
87440
25031
14569
21238
6551
50665
82026
57925
59913
79143
28231
19403
38765
13530
65165
51576
0
22782
41179
53562
0
44575
55663
11088
17943
50417
7443
0
62968
51974
60392
28695
40716
16533
0
45092
0
0
35939
3926
50429
57783
29950
69463
73352
62040
46346
30901
47779
15592
0
33178
0
14187
17252
42976
6916
26599
46545
0
6106
58818
7472
8809
53581
7253
31991
43234
0
84235
41736
22575
3441
20781
61179
63782
19100
21526
981
71841
6800
33568
62304
11199
18395
0
86251
0
55259
67123
0
6580
33060
0
60525
61494
0
10173
27696
42851
21450
0
18136
54412
33637
0
2483
0
18557
68506
74271
0
39980
59790
0
20938
87001
59554
0
73227
3980
0
20611
2579
62353
25760
24662
47243
57253
83413
8584
16549
4026
0
0
70922
0
0
0
76705
33652
42029
60865
56181
87927
35235
0
0
26193
53025
15490
0
42554
0
4057
0
2197
45860
0
3154
20956
36682
28148
66070
11924
73233
0
79151
67199
93914
11911
57182
0
0
29929
25375
95554
34639
3242
55000
10870
77255
69377
47101
2635
86342
53411
37064
91113
0
51420
81788
31082
10498
12813
61819
25364
8706
18857
5322
14816
0
74315
63447
43032
71049
32981
55406
21027
30092
62145
31448
66222
47499
803
9814
32926
39865
64912
28007
29683
46843
44354
178
0
90414
40975
23511
25973
56844
55230
41062
2442
73346
20319
29769
32308
55373
7677
16093
16417
13264
23460
1122
0
47708
19377
63570
99053
39626
0
0
7750
80678
44106
40755
60102
67099
0
0
0
29866
41008
43863
14570
78833
5432
67712
42863
95453
5562
14782
0
48824
18383
41733
6112
31616
1278
64011
37680
18529
28335
15000
0
21710
52722
6554
0
0
0
6824
11199
54918
9795
45507
89240
57273
65976
35177
6628
25043
9513
0
79302
53408
28142
38529
16483
0
7046
36856
0
8307
40221
14721
50731
25811
531
80817
58041
11200
0
15754
36684
94145
33812
77463
20033
100254
40369
44482
60458
38738
14884
29617
7939
0
5082
7809
24788
85474
42217
57677
0
18927
7821
2121
17250
16128
0
0
38949
10515
82242
26345
10564
24631
32653
57111
23378
60840
0
0
20897
46337
29047
29682
14366
73384
29272
5708
21035
47021
41638
47431
37517
23691
37236
12161
31124
27796
7051
0
57852
50811
68636
0
77104
80319
50534
47566
15103
51508
19004
59467
18055
25270
25934
1157
27276
98
5259
55480
7850
32052
7465
40864
0
42356
629
0
4609
59344
70690
1413
42085
3621
42120
64816
496
9241
0
31513
41580
87313
0
1364
25633
4366
49657
17442
48790
34311
53924
5763
0
0
81618
3910
55954
38285
0
45407
47536
9022
44439
19405
35831
12588
0
0
24190
20103
54235
9826
19582
5193
0
2219
96255
10428
850
84456
4917
12108
4009
18873
52062
5610
2115
58258
29176
30556
20083
17257
44538
1776
33092
46614
0
11417
72381
32508
14161
27881
61763
3690
26895
66973
0
275
0
0
0
45
17983
6798
58678
54993
261
32742
21786
51975
36383
28402
54258
84101
38017
88949
15300
69301
11298
19646
21040
101859
22847
55478
0
48523
17406
89203
7071
0
0
9950
45179
36705
14756
0
18694
15498
0
0
23065
82519
0
19614
31617
0
13424
0
4581
42947
4175
26934
0
45545
7636
52264
11947
27022
21221
0
0
39776
89559
42682
99112
37182
19557
4233
14623
6731
83511
0
71450
25161
10938
13701
13106
35668
37580
97998
83291
86112
28824
45635
6332
10100
24694
35445
22693
0
51983
25686
49829
26509
0
17539
29534
24408
0
0
22140
35596
22421
44111
71087
26007
42202
28479
17774
44037
15049
100914
81328
11324
0
11653
17216
20435
40293
32005
37664
0
15655
10614
0
89106
66911
7864
92689
3714
73544
31303
45410
34750
69616
23259
0
38412
0
15671
0
52476
64363
0
34084
13925
0
0
12193
31992
26349
22967
23177
39610
18955
18684
0
4938
46507
51820
85328
60594
57893
3794
53276
14040
25518
0
71506
0
0
42788
58297
35248
0
26817
37060
19128
51721
0
13029
835
5285
0
13618
0
33423
39495
27359
57072
57369
47264
43388
24233
21437
0
0
52994
1159
16543
12271
40773
21176
20424
25678
279
77675
72064
52381
13723
18274
17067
4024
39048
14577
69104
17838
13303
22946
10396
0
10819
76286
9259
29152
5962
5239
75782
68576
36025
0
29260
66254
64544
0
6715
10713
44240
81875
0
56289
58867
47103
73206
32688
26562
0
43537
9768
6189
53928
46259
19757
15604
16427
59666
31123
21049
35349
34464
23143
34427
28362
26132
7481
68960
27412
0
599
25662
37670
2653
32473
56634
40380
14068
9747
96407
25937
27995
19895
36729
0
59605
52545
12259
29081
7807
59010
89480
0
42309
1819
1695
56371
43386
87798
38393
42515
24465
33359
50575
38952
7000
1470
0
30202
13111
741
26073
0
2621
37483
9302
17572
6180
18900
73864
99096
8008
11640
25960
9078
14378
17107
20378
18289
33043
23766
38831
5317
50057
71117
24790
6558
0
18700
12748
0
0
23183
0
69386
6863
80014
29420
1156
22492
6718
16025
30770
449
0
2122
61167
31076
23903
0
61603
0
46947
0
14318
36880
39162
0
67635
27979
19961
43271
16636
54875
8211
21029
27291
41528
14930
32032
54736
0
28739
30150
0
0
957
13413
12727
47258
42913
42394
531
45114
0
42335
35810
35387
25862
74645
24140
63917
39042
17513
6756
0
30050
57561
7449
8459
18464
43734
24934
57558
19607
69884
22848
40849
0
79911
17565
0
80124
7685
17340
14706
0
4332
52274
6875
24159
34121
55540
17491
9697
0
64272
11852
14932
37794
0
26476
807
66419
47984
23334
87057
89303
26226
14493
1534
0
1804
23165
12802
0
12753
14839
0
30943
2960
0
42766
20233
75475
8210
4160
11605
0
50829
34524
0
36213
18384
4396
44482
38501
53663
12491
74840
31130
22258
19225
0
53760
54370
320
27643
52199
67109
8011
9793
35468
15448
80364
3844
0
69268
66603
0
25213
0
11479
0
0
48134
8782
5962
21139
23919
11991
60060
61186
20030
0
62147
31807
50818
64250
26722
0
19324
21478
40276
44740
4
80844
87231
8093
29331
4091
16896
62073
35126
0
52175
0
0
6391
48928
33952
0
49342
8781
63535
18429
4968
50440
11428
30667
13716
57036
0
10885
20265
31462
3112
39545
2843
11157
64975
63690
75802
85205
8930
53506
1968
0
14616
0
43769
76809
32386
55079
0
64449
55600
1994
27174
17983
46440
2297
66222
64862
32139
0
27387
21587
0
0
5630
4828
21811
36184
20393
7242
89022
15078
18520
6879
21255
93301
10337
33561
40037
2064
85771
4338
41082
11266
72968
2557
23591
62478
17473
46527
19703
61739
83894
8106
0
13227
18684
64452
0
17483
56467
7357
7103
81366
33657
31070
76062
19533
0
0
73544
87531
41382
23828
1779
43645
80015
34731
45657
0
16286
0
25169
18433
59608
57458
83834
70995
32159
15199
0
93141
19398
6131
63125
78871
41819
26399
0
1334
67809
60981
0
41518
54681
77917
4626
17606
73232
0
0
24263
30097
0
0
27684
24147
48020
34442
82810
3163
0
14329
52980
6372
62293
30148
38612
0
23577
50016
24318
31688
44553
70180
24096
28354
14052
7502
83683
22558
24816
1631
40328
54843
0
22901
77508
74158
51221
16467
7073
73972
70750
72503
41748
46450
0
14087
54812
0
63759
85763
0
58766
23160
0
14186
31165
74305
14328
0
39180
66167
0
37477
23619
30178
4636
86164
0
31936
37043
28152
3594
82507
25982
50244
21338
70925
10026
43713
50644
0
11162
15290
71365
45280
0
0
3713
15209
73682
10811
39813
23622
67464
29235
22904
11466
27279
0
62805
54961
7108
28180
21
49107
66697
80
34289
9099
44767
2596
41643
0
5609
34013
4257
3138
0
74042
716
28103
0
44260
0
26223
12524
31484
15463
28958
65499
1088
20262
13825
32726
0
27797
5628
62535
70786
84315
48373
53659
24751
15147
1203
59708
39377
28694
22028
26416
83223
47039
23606
73310
0
25194
92394
47323
28236
19221
11021
6217
1812
30394
2361
41727
0
77269
26991
0
0
0
26039
44506
23706
2003
0
2239
45990
12371
89758
81426
78702
0
887
28788
21792
86709
27620
57005
0
20344
51840
65718
0
24685
0
48774
34958
19454
16381
6515
66804
54740
0
70435
22150
39889
29169
19396
17202
18745
36810
9837
21159
27995
7004
67294
40319
0
0
2468
41741
40315
57219
25901
52706
33402
19934
42046
11135
1707
12094
45154
34012
19317
0
32163
2039
32973
34893
46157
86498
76362
44282
87559
13259
13126
78235
0
24113
99230
32155
52882
97428
45405
39666
33985
0
11148
704
97608
81450
0
76253
5665
28738
0
59691
27079
0
79623
62933
64172
15123
0
649
31788
98307
18434
0
94605
74118
41888
46008
53258
55545
83347
0
0
60260
0
102920
65993
32331
12988
64883
65455
42592
59788
459
52876
4948
14155
0
35479
49718
9231
5115
7686
32865
8797
46556
0
3212
10838
18975
17164
81152
24476
0
54020
15734
18179
64134
42440
20366
0
0
79911
0
3913
53634
33792
63938
94398
49430
17087
44858
45997
59414
0
0
8669
16245
31818
27922
0
13564
38947
0
1082
34063
25305
22057
0
20979
16954
0
32578
7323
12204
11907
34253
0
3591
69641
59213
52268
15943
63910
66415
26277
16719
15941
14053
74729
51276
17237
0
0
53796
38375
63
31360
19838
55822
4033
63939
0
76448
56211
45019
15424
6544
15280
9638
0
92838
34115
23801
0
40448
66899
52604
7933
42566
81880
4349
52048
49559
46468
31271
0
34957
56523
8716
9144
47459
1181
72687
0
30529
31812
0
48130
19164
762
38755
23459
15962
36956
30430
62900
0
8885
10386
27848
74109
69100
66574
0
8975
0
0
39609
55266
17149
0
16454
8518
0
56232
50819
0

--stderr--
WARNING:  database "libc_en" has a collation version mismatch
DETAIL:  The database was created using collation version 2.27, but the operating system provides version 2.28.
HINT:  Rebuild all objects in this database that use the default collation and run ALTER DATABASE libc_en REFRESH COLLATION VERSION, or build PostgreSQL with the right library version.
