SET
SET
SET
58504
12785
21598
96749
14032
0
67419
0
0
3202
0
76367
21987
6195
10452
65187
77669
29481
27659
26155
65997
6873
54625
37433
12527
9997
50925
40782
903
1419
24129
25456
60208
36545
40396
21063
83353
88193
0
62406
92607
9595
0
82159
12827
86500
41273
4061
39676
507
73912
10047
3448
58926
90448
48917
3343
20649
13531
38027
9055
42930
0
59314
7962
18845
6139
21916
77732
11441
12242
29111
6547
3191
54746
11553
0
63245
35754
24656
70913
32283
51477
39801
6778
1966
41508
81590
7852
603
26736
39690
30153
39105
0
95497
77786
41019
985
34468
80672
21630
89400
13342
23691
6763
17295
59049
71821
12271
48765
31111
68224
49662
19920
61605
0
0
17825
32553
49933
0
36064
5862
68195
26585
26290
14251
0
0
75993
51480
0
9752
57859
29693
32779
0
14404
6530
4314
0
14855
25207
41974
30386
8007
49798
84080
41428
50371
3083
38559
54645
0
40538
0
19561
3180
56706
3322
0
67685
0
44721
12773
57062
40261
42346
0
31242
58650
17928
4729
46186
30840
98984
0
29276
0
28938
9771
0
29637
41580
35225
0
92968
2711
29626
9438
45858
7632
62847
61946
0
55199
24931
1873
31266
80236
6779
46932
44970
13273
5923
29083
25429
63634
13599
225
6597
26199
36464
46416
46217
79742
38234
21992
0
6019
5036
11283
74025
74533
11796
5841
54099
25775
0
0
50345
0
67227
33718
4991
41843
0
0
57324
1169
35092
9203
63860
21401
0
96702
9983
68772
1779
6479
48143
15585
9989
70222
82584
73605
18731
26727
16206
28537
65130
21898
0
48998
32139
0
32636
92686
55618
0
7415
17640
29615
33714
33125
34370
18829
18948
0
98748
35289
23666
52939
58958
28066
48530
23741
72022
30283
86642
0
17907
57355
20211
60187
285
14734
44791
29010
71842
17003
9739
37588
49156
11827
0
49800
52045
38195
26206
9861
62723
38024
0
29756
32441
0
7454
58819
0
65146
35731
0
21838
63144
19023
61281
0
0
70653
90761
2459
53089
316
48304
7020
27764
10282
25705
68381
47578
23408
47129
69693
0
41481
7386
16614
12676
54627
10215
47168
27569
13755
56658
774
57940
0
11180
44960
5326
21659
4070
0
47202
66894
21270
14113
76880
61028
0
38832
33682
87441
25031
14569
21238
6551
50665
82026
57926
59913
79143
28231
19403
38766
13531
65166
51576
0
22782
41179
53562
0
44575
55663
11088
17943
50417
7443
0
62968
51975
60394
28695
40717
16533
0
45092
0
0
35939
3927
50429
57783
29950
69464
73352
62040
46346
30901
47780
15592
0
33178
0
14187
17253
42976
6917
26599
46545
0
6106
58819
7472
8809
53581
7253
31992
43234
0
84235
41736
22576
3441
20781
61180
63782
19100
21526
981
71841
6800
33569
62304
11199
18395
0
86251
0
55259
67125
0
6580
33060
0
60525
61495
0
10173
27696
42851
21450
0
18136
54412
33637
0
2484
0
18557
68507
74272
0
39981
59791
0
20939
87001
59554
0
73227
3980
0
20612
2579
62353
25760
24662
47244
57254
83413
8585
16549
4026
0
0
70924
0
0
0
76705
33652
42030
60865
56181
87928
35235
0
0
26193
53025
15490
0
42554
0
4057
0
2197
45860
0
3154
20956
36684
28148
66070
11925
73233
0
79152
67199
93915
11911
57182
0
0
29929
25375
95555
34640
3242
55000
10871
77255
69377
47101
2635
86342
53411
37064
91114
0
51420
81788
31082
10498
12814
61819
25364
8706
18857
5323
14816
0
74315
63447
43032
71049
32981
55406
21027
30092
62146
31448
66222
47501
804
9814
32926
39865
64912
28007
29684
46843
44354
179
0
90414
40976
23512
25973
56844
55230
41062
2442
73346
20319
29769
32308
55374
7677
16094
16418
13264
23460
1122
0
47708
19377
63571
99053
39627
0
0
7750
80679
44106
40756
60102
67100
0
0
0
29866
41008
43863
14570
78833
5432
67712
42863
95453
5562
14782
0
48824
18383
41734
6113
31617
1278
64011
37680
18529
28335
15000
0
21710
52722
6554
0
0
0
6825
11199
54918
9795
45507
89240
57274
65976
35178
6628
25044
9513
0
79303
53409
28142
38530
16483
0
7046
36857
0
8307
40221
14721
50731
25811
531
80817
58041
11202
0
15755
36684
94145
33812
77463
20034
100254
40369
44482
60458
38738
14884
29617
7940
0
5082
7809
24788
85475
42217
57678
0
18927
7821
2121
17250
16128
0
0
38949
10515
82243
26345
10564
24631
32653
57111
23378
60840
0
0
20897
46337
29047
29682
14366
73384
29272
5708
21035
47022
41638
47431
37517
23691
37236
12161
31124
27796
7051
0
57854
50811
68636
0
77104
80319
50534
47566
15103
51508
19005
59468
18056
25270
25934
1157
27276
98
5259
55480
7850
32052
7466
40864
0
42356
629
0
4609
59344
70690
1413
42086
3622
42120
64816
497
9241
0
31513
41580
87314
0
1364
25633
4366
49657
17442
48790
34311
53924
5763
0
0
81618
3910
55955
38285
0
45408
47537
9022
44440
19405
35831
12588
0
0
24190
20103
54236
9826
19582
5193
0
2219
96255
10428
850
84456
4917
12108
4009
18873
52062
5610
2115
58258
29176
30556
20083
17257
44539
1776
33092
46614
0
11417
72381
32508
14161
27881
61763
3690
26896
66973
0
275
0
0
0
45
17983
6798
58678
54993
261
32742
21786
51975
36384
28402
54259
84103
38017
88949
15300
69302
11299
19647
21040
101859
22847
55478
0
48523
17406
89204
7071
0
0
9950
45179
36706
14757
0
18694
15498
0
0
23065
82520
0
19614
31617
0
13424
0
4581
42948
4175
26934
0
45545
7636
52264
11947
27023
21221
0
0
39776
89559
42682
99113
37182
19557
4233
14623
6731
83511
0
71450
25161
10938
13702
13107
35668
37580
97998
83291
86112
28824
45635
6332
10100
24694
35445
22693
0
51983
25686
49829
26509
0
17539
29535
24409
0
0
22141
35596
22421
44111
71087
26007
42202
28479
17774
44038
15049
100914
81328
11325
0
11653
17216
20436
40293
32005
37664
0
15655
10614
0
89106
66912
7865
92689
3714
73544
31303
45410
34750
69616
23259
0
38412
0
15671
0
52477
64363
0
34084
13926
0
0
12194
31992
26349
22967
23177
39610
18955
18684
0
4938
46507
51820
85328
60594
57894
3794
53276
14041
25518
0
71506
0
0
42788
58297
35248
0
26817
37060
19129
51721
0
13029
835
5285
0
13618
0
33423
39497
27359
57072
57369
47264
43388
24233
21437
0
0
52994
1159
16543
12271
40773
21176
20424
25678
280
77675
72064
52382
13724
18274
17067
4025
39048
14577
69104
17838
13305
22946
10398
0
10819
76286
9259
29152
5962
5239
75782
68576
36025
0
29261
66255
64545
0
6715
10713
44240
81875
0
56289
58867
47103
73206
32688
26562
0
43537
9768
6189
53928
46259
19757
15605
16427
59666
31124
21049
35349
34464
23143
34427
28363
26133
7481
68960
27412
0
599
25662
37670
2654
32475
56634
40381
14068
9747
96407
25939
27995
19895
36729
0
59606
52546
12259
29081
7807
59011
89480
0
42309
1819
1695
56371
43386
87798
38393
42515
24465
33359
50576
38952
7000
1470
0
30203
13112
741
26073
0
2623
37484
9302
17572
6180
18900
73864
99096
8008
11640
25961
9078
14379
17108
20378
18289
33044
23767
38831
5317
50057
71117
24792
6558
0
18700
12748
0
0
23183
0
69386
6863
80014
29420
1156
22492
6718
16025
30770
449
0
2123
61167
31076
23903
0
61603
0
46947
0
14318
36880
39162
0
67635
27979
19961
43273
16637
54875
8211
21029
27291
41529
14930
32032
54736
0
28739
30150
0
0
957
13413
12728
47258
42913
42395
532
45114
0
42335
35810
35388
25863
74645
24140
63917
39042
17513
6756
0
30051
57561
7449
8459
18465
43735
24934
57559
19607
69884
22849
40849
0
79911
17565
0
80124
7685
17340
14706
0
4332
52274
6876
24159
34121
55541
17491
9697
0
64272
11852
14932
37794
0
26476
807
66419
47985
23334
87057
89303
26226
14494
1534
0
1804
23165
12803
0
12754
14840
0
30943
2961
0
42767
20234
75475
8210
4160
11605
0
50829
34524
0
36213
18384
4397
44483
38501
53663
12491
74841
31130
22259
19225
0
53760
54370
320
27643
52199
67109
8012
9793
35468
15448
80364
3844
0
69269
66603
0
25213
0
11479
0
0
48135
8782
5962
21139
23919
11991
60060
61187
20030
0
62147
31807
50818
64250
26722
0
19325
21479
40276
44741
4
80844
87232
8095
29331
4091
16896
62074
35126
0
52176
0
0
6391
48928
33952
0
49342
8781
63535
18429
4969
50440
11428
30667
13716
57036
0
10885
20266
31462
3112
39546
2843
11157
64976
63690
75802
85207
8930
53506
1968
0
14616
0
43769
76809
32386
55079
0
64449
55600
1994
27174
17983
46440
2297
66222
64862
32139
0
27389
21587
0
0
5631
4828
21812
36184
20393
7242
89022
15078
18520
6879
21255
93301
10337
33563
40037
2064
85771
4338
41082
11266
72969
2558
23591
62478
17473
46527
19703
61739
83894
8106
0
13227
18684
64452
0
17483
56467
7357
7103
81366
33658
31072
76062
19533
0
0
73544
87531
41383
23829
1779
43645
80016
34732
45657
0
16286
0
25169
18434
59608
57458
83835
70996
32160
15200
0
93143
19399
6131
63125
78871
41819
26399
0
1335
67809
60982
0
41518
54682
77917
4627
17606
73232
0
0
24264
30098
0
0
27684
24147
48020
34442
82810
3163
0
14330
52980
6373
62294
30148
38613
0
23577
50016
24319
31688
44554
70180
24096
28354
14052
7502
83683
22559
24817
1631
40328
54843
0
22902
77508
74158
51221
16467
7073
73972
70750
72504
41748
46451
0
14087
54813
0
63759
85763
0
58767
23160
0
14187
31165
74305
14328
0
39181
66167
0
37477
23619
30178
4637
86164
0
31936
37044
28152
3594
82507
25982
50244
21339
70925
10026
43713
50645
0
11162
15290
71365
45280
0
0
3713
15210
73682
10811
39813
23622
67465
29236
22905
11466
27280
0
62805
54962
7109
28180
21
49107
66697
80
34289
9099
44768
2596
41643
0
5609
34013
4257
3139
0
74042
716
28103
0
44260
0
26223
12525
31484
15463
28959
65499
1088
20262
13825
32726
0
27797
5628
62535
70787
84316
48373
53659
24751
15147
1203
59709
39377
28694
22028
26417
83224
47039
23606
73310
0
25194
92395
47324
28236
19221
11021
6218
1812
30394
2361
41727
0
77270
26991
0
0
0
26039
44508
23706
2003
0
2239
45991
12372
89758
81426
78702
0
887
28788
21792
86709
27620
57006
0
20344
51840
65719
0
24685
0
48774
34958
19454
16382
6516
66804
54740
0
70435
22150
39889
29170
19395
17202
18745
36810
9837
21159
27995
7006
67294
40319
0
0
2468
41741
40315
57219
25902
52706
33402
19934
42046
11135
1707
12094
45154
34012
19317
0
32163
2040
32973
34893
46157
86498
76362
44282
87560
13259
13126
78235
0
24113
99230
32155
52883
97428
45405
39666
33985
0
11148
704
97608
81451
0
76253
5665
28738
0
59692
27079
0
79623
62933
64172
15123
0
649
31789
98307
18434
0
94605
74118
41889
46008
53259
55545
83348
0
0
60261
0
102920
65994
32331
12988
64883
65455
42592
59789
459
52876
4949
14156
0
35479
49718
9232
5115
7686
32866
8797
46556
0
3213
10838
18975
17164
81152
24476
0
54020
15734
18179
64134
42440
20366
0
0
79911
0
3913
53634
33793
63938
94398
49430
17088
44858
45997
59414
0
0
8669
16245
31818
27922
0
13564
38947
0
1083
34063
25305
22058
0
20979
16955
0
32578
7323
12205
11907
34253
0
3591
69641
59214
52268
15944
63910
66415
26277
16719
15941
14053
74729
51276
17238
0
0
53796
38376
63
31360
19838
55822
4033
63939
0
76448
56211
45019
15424
6544
15280
9638
0
92838
34115
23801
0
40449
66899
52604
7933
42566
81881
4349
52048
49559
46468
31272
0
34957
56523
8717
9144
47460
1181
72687
0
30529
31812
0
48132
19164
762
38755
23460
15962
36957
30431
62901
0
8885
10386
27848
74109
69100
66574
0
8975
0
0
39610
55266
17149
0
16455
8518
0
56232
50820
0

--stderr--
