SET
SET
58505
12781
21603
96750
14034
0
67419
0
0
3200
0
76363
21988
6195
10452
65187
77662
29483
27658
26155
65997
6850
54623
37434
12524
9997
50923
40770
905
1418
24128
25432
60208
36544
40389
21085
83352
88193
0
62404
92607
9592
0
82159
12827
86501
41272
4061
39674
509
73912
10038
3449
58926
90447
48917
3338
20657
13531
38029
9056
42930
0
59316
7969
18843
6139
21915
77734
11442
12244
29110
6556
3190
54746
11564
0
63243
35751
24736
70912
32281
51475
39803
6780
1973
41508
81591
7849
601
26735
39691
30155
39106
0
95495
77785
41016
989
34468
80665
21628
89369
13343
23684
6761
17283
59049
71820
12273
48761
31109
68220
49658
19920
61606
0
0
17817
32552
49933
0
36061
5860
68196
26590
26295
14251
0
0
75994
51481
0
9753
57862
29705
32780
0
14401
6532
4314
0
14858
25208
41972
30385
8008
49799
84081
41426
50368
3084
38559
54646
0
40537
0
19564
3178
56705
3320
0
67685
0
44723
12775
57062
40261
42344
0
31239
58651
17930
4731
46186
30841
98988
0
29275
0
28937
9774
0
29640
41573
35224
0
92968
2703
29626
9437
45839
7630
62845
61969
0
55202
24932
1872
31269
80234
6778
46926
44971
13273
5922
29083
25428
63635
13600
228
6599
26197
36460
46416
46216
79740
38234
21993
0
6021
5009
11295
74026
74532
11792
5848
54100
25778
0
0
50348
0
67223
33722
4979
41842
0
0
57322
1167
35091
9206
63858
21397
0
96705
9983
68773
1783
6481
48140
15586
9987
70219
82585
73604
18716
26729
16204
28535
65134
21906
0
48998
32146
0
32639
92681
55628
0
7412
17634
29614
33713
33124
34372
18826
18948
0
98748
35292
23662
52939
58958
28067
48529
23741
72022
30281
86634
0
17911
57355
20213
60170
284
14736
44800
29013
71836
17003
9740
37591
49157
11827
0
49797
52044
38197
26206
9861
62723
37994
0
29779
32438
0
7450
58820
0
65146
35733
0
21839
63142
19024
61281
0
0
70582
90761
2457
53086
316
48306
7018
27764
10282
25703
68380
47578
23406
47131
69694
0
41479
7386
16614
12674
54628
10211
47159
27568
13757
56659
772
57941
0
11185
44961
5330
21661
4069
0
47204
66894
21271
14111
76880
61032
0
38838
33677
87441
25104
14571
21232
6548
50662
82027
57913
59913
79141
28231
19401
38772
13528
65311
51575
0
22783
41178
53564
0
44576
55662
11123
17943
50409
7443
0
62968
51975
60395
28697
40716
16536
0
45094
0
0
35940
3924
50433
57780
29950
69462
73351
62040
46347
30902
47780
15592
0
33177
0
14186
17247
42984
6920
26602
46546
0
6106
58820
7470
8813
53579
7251
31992
43230
0
84233
41735
22576
3439
20782
61177
63783
19100
21525
984
71842
6803
33572
62306
11200
18396
0
86249
0
55262
67121
0
6581
33059
0
60523
61494
0
10177
27696
42851
21448
0
18132
54411
33638
0
2486
0
18555
68521
74268
0
39978
59785
0
20944
86999
59547
0
73230
3980
0
20612
2580
62354
25762
24659
47237
57256
83410
8588
16552
4026
0
0
70920
0
0
0
76705
33650
42030
60865
56183
87929
35234
0
0
26194
53025
15490
0
42557
0
4053
0
2199
45862
0
3158
20955
36683
28148
66071
11919
73232
0
79150
67198
93913
11911
57181
0
0
29932
25376
95553
34636
3239
54999
10871
77255
69372
47101
2639
86346
53417
37060
91107
0
51423
81785
31082
10499
12815
61819
25371
8711
18855
5322
14818
0
74315
63421
43032
71050
32980
55406
21032
30089
62138
31447
66223
47501
805
9814
32924
39866
64910
28006
29681
46893
44354
176
0
90414
40979
23510
25972
56843
55228
41063
2443
73346
20311
29765
32308
55373
7673
16093
16492
13288
23465
1120
0
47708
19379
63598
99056
39608
0
0
7749
80673
44107
40754
60104
67086
0
0
0
29860
41020
43864
14566
78831
5432
67711
42864
96348
5560
14778
0
48823
18378
41732
6114
31617
1277
64013
37685
18529
28335
14999
0
21708
52728
6552
0
0
0
6824
11195
54918
9795
45510
89238
57273
65973
35180
6622
25038
9513
0
79299
53409
28143
38528
16486
0
7047
36858
0
8306
40230
14717
50729
25811
531
80816
58047
11200
0
15753
36681
94145
33812
77464
20033
100256
40371
44480
60457
38732
14891
29619
7919
0
5081
7812
24788
85472
42245
57677
0
18925
7823
2120
17255
16131
0
0
38951
10512
82243
26344
10562
24632
32653
57122
23380
60837
0
0
20894
46336
29046
29682
14371
73384
29274
5716
21041
47011
41638
47431
37520
23691
37237
12156
31124
27797
7054
0
57854
50810
68637
0
77101
80315
50535
47565
15105
51506
19009
59458
18054
25275
25929
1156
27277
99
5256
55479
7854
32056
7467
40864
0
42357
631
0
4608
59344
70727
1413
42079
3614
42128
64814
497
9240
0
31509
41577
87314
0
1361
25634
4366
49654
17446
48792
34303
53923
5764
0
0
81618
3911
55955
38284
0
45404
47539
9023
44439
19404
35832
12590
0
0
24189
20101
54225
9849
19585
5194
0
2217
96254
10424
852
84457
4916
12113
4009
18869
52063
5609
2113
58254
29178
30556
20083
17254
44533
1777
33091
46614
0
11418
72389
32510
14162
27883
61762
3693
26899
66971
0
273
0
0
0
45
17986
6801
58682
54996
261
32741
21783
51974
36377
28402
54260
84102
38021
88947
15303
69313
11291
19650
21041
101860
22844
55479
0
48523
17412
89208
7070
0
0
9954
45175
36708
14752
0
18692
15496
0
0
23064
82521
0
19614
31619
0
13421
0
4583
42951
4174
26932
0
45547
7630
52265
11942
27022
21221
0
0
39778
89559
42683
99112
37185
19557
4242
14619
6729
83512
0
71450
25164
10939
13705
13108
35670
37583
97995
83295
86114
28829
45639
6332
10103
24693
35444
22691
0
51985
25686
49826
26509
0
17542
29534
24406
0
0
22140
35595
22423
44110
71084
26006
42205
28481
17772
44039
15048
100913
81332
11327
0
11650
17217
20436
40293
32005
37667
0
15654
10619
0
89107
66906
7864
92689
3714
73544
31303
45410
34748
69616
23256
0
38404
0
15668
0
52478
64365
0
34077
13931
0
0
12195
31994
26347
22970
23175
39612
18956
18685
0
4939
46509
51839
85326
60592
57895
3795
53276
14035
25490
0
71506
0
0
42789
58293
35257
0
26812
37058
19128
51724
0
13030
834
5280
0
13614
0
33423
39491
27359
57070
57342
47265
43386
24233
21438
0
0
52991
1156
16544
12268
40770
21171
20419
25678
282
77672
72064
52386
13729
18273
17065
4022
39048
14579
69104
17834
13305
22949
10398
0
10818
76286
9259
29152
5962
5251
75780
68574
36028
0
29261
66254
64544
0
6714
10717
44241
81874
0
56289
58867
47101
73207
32688
26561
0
43536
9772
6192
53927
46260
19756
15603
16434
59661
31122
21049
35350
34467
23145
34427
28363
26133
7480
68958
27392
0
598
25663
37676
2656
32468
56633
40349
14069
9745
96407
25770
27996
19896
36727
0
59601
52546
12255
29074
7802
59009
89479
0
42310
1818
1697
56371
43452
87796
38395
42513
24449
33361
50578
38949
7002
1472
0
30202
13116
743
26074
0
2618
37486
9309
17569
6181
18900
73862
99096
8009
11639
25945
9081
14371
17107
20379
18289
33080
23763
38830
5316
50055
71118
24776
6558
0
18698
12750
0
0
23184
0
69385
6865
80014
29423
1178
22489
6717
16026
30774
449
0
2124
61166
31074
23902
0
61605
0
46947
0
14315
36880
39161
0
67633
27961
19960
43274
16637
54876
8211
21031
27291
41529
14929
32037
54755
0
28738
30153
0
0
952
13413
12726
47259
42917
42395
531
45112
0
42041
35809
35386
25854
74644
24138
63917
39042
17511
6756
0
30052
57561
7433
8462
18470
43734
24936
57549
19608
69884
22852
40848
0
79912
17566
0
80122
7686
17338
14706
0
4330
52272
6871
24157
34125
55542
17489
9701
0
64273
11853
19855
37791
0
26477
812
66417
47980
23336
87051
89302
26225
14490
1535
0
1804
23174
12804
0
12763
14842
0
30919
2962
0
42768
20231
75474
8206
4159
11605
0
50828
34524
0
36215
18387
4395
44458
38501
53662
12491
74832
31139
22261
19224
0
53763
54370
319
27649
52200
67111
8011
9794
35465
15455
80364
3847
0
69271
66601
0
25213
0
11473
0
0
48136
8787
5964
21139
23921
11991
60058
61188
20093
0
62147
31807
50816
64248
26719
0
19325
21476
40277
44742
4
80840
87219
8086
29330
4088
16894
62071
35126
0
52170
0
0
6390
48925
33953
0
49342
8786
63534
18428
4954
50442
11430
30669
13718
57036
0
10884
20265
31463
3115
39544
2845
11153
64978
63690
75803
85208
8933
53504
1981
0
14616
0
43763
76811
32385
55079
0
64446
55601
1990
27173
17982
46438
2303
66222
64859
32136
0
27387
21585
0
0
5631
4825
21812
36179
20394
7241
89023
15076
18524
6878
21262
93299
10332
33529
40032
2062
85771
4338
41085
11264
72972
2558
23590
62473
17476
46531
19703
61740
83890
8105
0
13227
18685
64450
0
17484
56464
7366
7103
81367
33652
31068
76074
19528
0
0
73547
87532
41376
23826
1778
43644
80017
34729
45660
0
16290
0
25168
18432
59606
57458
83835
70996
32162
15199
0
93132
19398
6131
63125
78869
41820
26400
0
1332
67810
60981
0
41520
54681
77915
4626
17608
73227
0
0
24265
30091
0
0
27687
24148
48018
34446
82808
3167
0
14328
52992
6373
62320
30184
38616
0
23579
50022
24318
31692
44550
70181
24096
28356
14052
7503
83679
22561
24817
1633
40327
54845
0
22900
77506
74159
51219
16466
7072
73969
70748
72503
41748
46454
0
14087
54812
0
63775
85766
0
58769
23161
0
14188
31166
74305
14332
0
39180
66166
0
37475
23620
30180
4642
86164
0
31937
37040
28152
3597
82508
25984
50245
21338
70924
10023
43714
50648
0
11163
15290
71367
45366
0
0
3712
15212
73683
10811
39812
23624
67464
29235
22904
11466
27267
0
62804
54961
7110
28183
24
49120
66704
80
34285
9102
44767
2596
41641
0
5607
34014
4255
3137
0
74041
711
28103
0
44258
0
26221
12537
31479
15467
28957
65497
1107
20262
13825
32729
0
27797
5627
62533
70786
84316
48375
53658
24754
15145
1199
59708
39376
28692
22026
26419
83224
47039
23608
73307
0
25195
92394
47317
28236
19225
11028
6218
1812
30390
2360
41723
0
77266
26988
0
0
0
26038
44504
23711
2004
0
2239
45992
12370
89760
81425
78701
0
887
28785
21772
86709
27620
57009
0
20345
51842
65718
0
24690
0
48773
34958
19454
16378
6516
66805
54740
0
70437
22146
39886
29169
19394
17203
18746
36813
9841
21160
27992
7008
67292
40318
0
0
2468
41740
40309
57219
25913
52705
33397
19936
42046
11137
1708
12088
45152
34011
19318
0
32166
2041
32972
34900
46156
86499
76361
44276
87558
13259
13123
78235
0
24114
99231
32153
52883
97429
45405
39662
33985
0
11147
702
97607
81448
0
76252
5691
28738
0
59669
27078
0
79620
62936
64167
15123
0
647
31788
98306
18433
0
94592
74117
41887
46006
53261
55541
83346
0
0
60259
0
102921
65993
32329
12994
64883
65454
42594
59790
462
52877
4949
14155
0
35475
49716
9234
5113
7687
32865
8795
46553
0
3215
10837
18975
17165
81151
24472
0
54020
15734
18178
64133
42437
20364
0
0
79909
0
3914
53634
33787
63939
94398
49432
17089
44861
45996
59412
0
0
8672
16257
31820
27921
0
13565
38947
0
1083
34070
25319
22059
0
20981
16950
0
32576
7324
12212
11908
34253
0
3593
69641
59209
52267
15942
63908
66415
26297
16724
15938
14055
74728
51272
17232
0
0
53797
38377
63
31364
19839
55821
4029
63947
0
76450
56207
45018
15424
6544
15280
9640
0
92839
34113
23804
0
40449
66893
52602
7933
42562
81880
4350
52050
49555
46462
31156
0
34964
56524
8719
9147
47455
1182
72690
0
30528
31811
0
48133
19171
766
38757
23458
15963
36958
30428
62901
0
8885
10385
27847
74122
69099
66575
0
8973
0
0
39612
55268
17151
0
16459
8518
0
56232
50822
0

--stderr--
