SET
SET
58503
12785
21597
96749
14031
0
67419
0
0
3201
0
76368
21987
6196
10453
65187
77670
29481
27658
26155
65998
6872
54624
37433
12527
9998
50927
40782
903
1419
24129
25457
60209
36544
40396
21062
83353
88193
0
62405
92607
9595
0
82159
12826
86501
41274
4061
39674
508
73912
10048
3447
58926
90447
48917
3345
20649
13531
38029
9055
42930
0
59313
7962
18844
6138
21915
77732
11442
12242
29111
6546
3191
54746
11552
0
63244
35754
24656
70914
32282
51476
39802
6779
1968
41509
81590
7851
603
26735
39690
30153
39105
0
95498
77785
41019
985
34469
80672
21629
89401
13343
23691
6763
17296
59050
71820
12270
48765
31112
68225
49662
19920
61604
0
0
17825
32553
49933
0
36064
5862
68194
26585
26290
14251
0
0
75993
51480
0
9752
57859
29693
32779
0
14404
6530
4314
0
14855
25207
41973
30386
8007
49799
84079
41428
50371
3083
38559
54645
0
40539
0
19561
3180
56706
3323
0
67685
0
44720
12773
57061
40261
42346
0
31242
58650
17928
4729
46187
30840
98984
0
29276
0
28938
9771
0
29638
41579
35225
0
92967
2712
29625
9437
45858
7632
62848
61947
0
55200
24931
1872
31266
80236
6778
46933
44970
13274
5924
29082
25430
63634
13598
225
6597
26199
36465
46417
46217
79743
38235
21992
0
6019
5036
11284
74025
74534
11797
5841
54099
25776
0
0
50345
0
67227
33717
4992
41843
0
0
57324
1168
35092
9202
63860
21400
0
96702
9983
68772
1778
6479
48144
15585
9988
70221
82583
73606
18732
26728
16207
28537
65130
21898
0
48998
32137
0
32636
92685
55616
0
7415
17640
29615
33714
33125
34369
18830
18948
0
98747
35289
23666
52938
58958
28067
48530
23741
72022
30283
86643
0
17907
57355
20211
60187
286
14734
44791
29010
71843
17004
9739
37588
49156
11827
0
49800
52045
38195
26206
9861
62723
38025
0
29756
32440
0
7454
58819
0
65145
35730
0
21838
63144
19025
61280
0
0
70654
90760
2458
53090
316
48305
7020
27765
10281
25706
68382
47578
23408
47129
69693
0
41482
7386
16615
12676
54628
10214
47169
27568
13756
56659
774
57940
0
11179
44960
5326
21659
4071
0
47202
66894
21270
14114
76880
61028
0
38832
33681
87442
25031
14569
21238
6551
50665
82026
57927
59912
79143
28231
19403
38766
13532
65167
51575
0
22782
41179
53562
0
44574
55663
11087
17943
50417
7442
0
62967
51976
60396
28695
40718
16533
0
45092
0
0
35939
3928
50429
57783
29950
69465
73351
62039
46345
30901
47781
15592
0
33179
0
14187
17254
42975
6918
26599
46545
0
6106
58820
7473
8809
53581
7253
31993
43234
0
84235
41735
22577
3440
20780
61181
63781
19100
21526
980
71840
6799
33569
62303
11198
18394
0
86251
0
55258
67127
0
6579
33059
0
60526
61496
0
10173
27696
42852
21450
0
18136
54412
33636
0
2485
0
18557
68507
74273
0
39982
59792
0
20940
87001
59554
0
73227
3980
0
20613
2578
62354
25760
24663
47245
57254
83412
8585
16549
4026
0
0
70926
0
0
0
76705
33652
42031
60863
56181
87929
35235
0
0
26193
53024
15490
0
42554
0
4055
0
2196
45859
0
3154
20956
36686
28147
66071
11926
73233
0
79153
67199
93916
11911
57181
0
0
29928
25375
95556
34641
3241
55000
10871
77255
69376
47099
2635
86341
53411
37064
91115
0
51419
81788
31083
10498
12815
61819
25363
8705
18856
5324
14815
0
74315
63447
43032
71049
32981
55406
21025
30092
62147
31448
66222
47503
805
9814
32926
39865
64913
28007
29685
46842
44353
180
0
90414
40976
23513
25973
56843
55230
41061
2442
73346
20319
29768
32307
55375
7677
16095
16418
13264
23459
1123
0
47708
19377
63571
99053
39628
0
0
7749
80680
44104
40757
60102
67101
0
0
0
29867
41008
43863
14570
78832
5431
67712
42862
95453
5562
14781
0
48823
18383
41735
6113
31618
1278
64011
37679
18528
28335
14999
0
21710
52722
6553
0
0
0
6826
11200
54917
9794
45507
89240
57275
65976
35178
6629
25045
9513
0
79304
53409
28142
38531
16483
0
7045
36858
0
8307
40221
14721
50731
25811
531
80817
58040
11204
0
15755
36684
94145
33812
77463
20034
100253
40368
44481
60457
38738
14883
29617
7940
0
5081
7809
24787
85476
42217
57679
0
18927
7819
2121
17250
16128
0
0
38949
10515
82244
26345
10564
24630
32653
57110
23378
60840
0
0
20897
46337
29047
29681
14366
73384
29272
5707
21035
47022
41639
47431
37517
23691
37236
12160
31124
27796
7049
0
57856
50811
68636
0
77104
80318
50534
47566
15103
51507
19006
59469
18057
25270
25933
1157
27275
97
5258
55480
7850
32051
7467
40863
0
42355
629
0
4608
59344
70689
1413
42087
3623
42118
64815
497
9241
0
31512
41580
87314
0
1364
25633
4366
49657
17441
48789
34310
53924
5762
0
0
81618
3910
55956
38285
0
45409
47538
9022
44441
19406
35831
12588
0
0
24190
20103
54237
9826
19581
5193
0
2219
96255
10427
850
84457
4917
12107
4009
18873
52062
5611
2115
58258
29176
30556
20083
17256
44541
1775
33092
46614
0
11417
72380
32507
14161
27880
61763
3690
26897
66973
0
274
0
0
0
45
17982
6798
58678
54993
261
32742
21785
51975
36384
28403
54260
84105
38016
88949
15300
69303
11300
19649
21040
101860
22847
55477
0
48523
17406
89204
7071
0
0
9949
45179
36707
14758
0
18693
15497
0
0
23064
82521
0
19614
31617
0
13424
0
4579
42949
4174
26933
0
45545
7635
52263
11947
27024
21220
0
0
39776
89559
42682
99114
37182
19558
4232
14623
6730
83510
0
71450
25161
10938
13703
13108
35668
37580
97998
83290
86112
28824
45635
6331
10100
24694
35445
22693
0
51984
25684
49829
26508
0
17539
29536
24410
0
0
22142
35596
22419
44111
71087
26007
42202
28479
17774
44039
15049
100914
81327
11326
0
11653
17216
20437
40293
32005
37664
0
15655
10614
0
89106
66913
7865
92689
3713
73544
31303
45410
34750
69615
23259
0
38412
0
15671
0
52478
64363
0
34084
13927
0
0
12195
31991
26349
22967
23176
39610
18955
18683
0
4938
46506
51820
85328
60594
57895
3794
53276
14041
25517
0
71505
0
0
42788
58296
35248
0
26817
37060
19131
51721
0
13029
835
5285
0
13618
0
33423
39499
27359
57072
57369
47264
43387
24233
21436
0
0
52994
1158
16543
12271
40773
21176
20424
25678
281
77675
72064
52382
13725
18274
17066
4026
39048
14575
69103
17837
13307
22946
10400
0
10818
76286
9259
29152
5962
5239
75781
68576
36025
0
29262
66256
64546
0
6715
10713
44240
81875
0
56289
58866
47103
73206
32688
26562
0
43537
9768
6187
53928
46259
19757
15606
16427
59666
31125
21049
35349
34464
23143
34427
28364
26133
7481
68959
27412
0
599
25661
37669
2655
32477
56634
40382
14068
9747
96406
25941
27995
19895
36728
0
59607
52547
12259
29081
7807
59012
89480
0
42309
1819
1696
56371
43385
87798
38392
42515
24464
33359
50576
38952
7000
1470
0
30203
13113
741
26073
0
2625
37485
9302
17571
6181
18900
73864
99095
8008
11640
25962
9078
14380
17109
20377
18289
33045
23768
38831
5316
50056
71116
24794
6557
0
18700
12748
0
0
23183
0
69386
6862
80014
29420
1156
22492
6717
16025
30769
449
0
2124
61167
31076
23903
0
61603
0
46946
0
14318
36880
39162
0
67634
27978
19961
43275
16637
54875
8211
21029
27291
41530
14930
32032
54735
0
28737
30149
0
0
957
13413
12728
47258
42912
42396
533
45114
0
42335
35809
35389
25865
74644
24140
63916
39042
17513
6756
0
30052
57560
7449
8458
18465
43736
24934
57560
19606
69883
22850
40849
0
79910
17564
0
80124
7685
17341
14705
0
4331
52274
6876
24159
34121
55542
17489
9697
0
64272
11852
14931
37794
0
26476
807
66419
47987
23333
87056
89303
26226
14495
1533
0
1804
23165
12804
0
12755
14841
0
30943
2962
0
42768
20235
75475
8210
4160
11605
0
50829
34524
0
36213
18384
4398
44484
38501
53663
12491
74842
31130
22260
19225
0
53760
54370
320
27642
52199
67108
8013
9793
35468
15448
80364
3844
0
69269
66603
0
25213
0
11479
0
0
48136
8782
5961
21138
23919
11991
60060
61188
20029
0
62147
31808
50817
64250
26723
0
19326
21480
40276
44741
4
80844
87233
8097
29331
4092
16896
62075
35126
0
52177
0
0
6390
48928
33952
0
49343
8780
63534
18429
4970
50439
11428
30668
13715
57036
0
10885
20267
31462
3112
39547
2842
11156
64977
63689
75802
85209
8930
53506
1967
0
14616
0
43768
76808
32387
55079
0
64449
55600
1994
27172
17983
46440
2297
66222
64862
32139
0
27391
21587
0
0
5632
4828
21813
36184
20393
7241
89022
15078
18520
6878
21255
93301
10336
33565
40037
2064
85771
4338
41081
11266
72969
2559
23590
62478
17473
46526
19702
61739
83893
8106
0
13226
18684
64451
0
17483
56467
7357
7103
81366
33658
31074
76061
19533
0
0
73544
87529
41383
23830
1779
43645
80017
34732
45657
0
16285
0
25168
18436
59608
57457
83835
70997
32161
15201
0
93145
19399
6130
63124
78870
41818
26398
0
1336
67809
60983
0
41518
54683
77917
4628
17606
73231
0
0
24265
30099
0
0
27684
24146
48020
34442
82811
3163
0
14331
52980
6374
62295
30147
38614
0
23577
50016
24320
31688
44555
70180
24096
28354
14052
7501
83684
22559
24818
1631
40328
54841
0
22903
77508
74157
51220
16468
7072
73972
70750
72505
41748
46452
0
14087
54814
0
63759
85763
0
58768
23160
0
14188
31165
74305
14327
0
39182
66168
0
37477
23619
30178
4637
86164
0
31936
37045
28152
3594
82507
25981
50244
21340
70925
10026
43713
50646
0
11162
15290
71365
45279
0
0
3713
15211
73682
10811
39813
23620
67466
29237
22906
11466
27281
0
62805
54963
7110
28180
20
49106
66695
80
34289
9099
44768
2596
41642
0
5609
34013
4257
3140
0
74041
714
28103
0
44260
0
26223
12525
31483
15461
28959
65498
1087
20262
13825
32726
0
27797
5628
62535
70788
84317
48373
53659
24751
15147
1203
59710
39378
28694
22028
26418
83225
47039
23604
73310
0
25194
92396
47326
28236
19219
11021
6219
1812
30394
2361
41728
0
77271
26991
0
0
0
26039
44510
23706
2002
0
2239
45991
12373
89757
81426
78702
0
887
28787
21792
86709
27620
57007
0
20344
51840
65720
0
24685
0
48774
34958
19454
16383
6517
66804
54739
0
70435
22150
39889
29171
19395
17202
18745
36810
9837
21158
27994
7008
67294
40319
0
0
2469
41741
40314
57218
25903
52705
33401
19933
42046
11135
1707
12094
45154
34012
19317
0
32163
2041
32972
34892
46156
86498
76361
44282
87561
13259
13126
78235
0
24113
99229
32155
52884
97428
45405
39665
33985
0
11149
704
97609
81452
0
76253
5665
28738
0
59693
27079
0
79622
62933
64172
15124
0
648
31790
98307
18433
0
94605
74118
41891
46008
53260
55545
83349
0
0
60262
0
102920
65995
32331
12987
64882
65455
42592
59790
458
52877
4950
14157
0
35479
49716
9232
5114
7685
32867
8797
46555
0
3214
10838
18974
17164
81152
24476
0
54020
15734
18179
64134
42440
20366
0
0
79911
0
3912
53634
33794
63938
94397
49430
17090
44858
45997
59414
0
0
8668
16244
31817
27922
0
13564
38947
0
1084
34062
25304
22059
0
20979
16956
0
32578
7323
12205
11907
34253
0
3591
69641
59215
52268
15945
63910
66416
26275
16719
15940
14052
74729
51275
17239
0
0
53795
38377
63
31360
19839
55822
4032
63938
0
76447
56212
45019
15423
6543
15280
9638
0
92838
34116
23799
0
40450
66899
52604
7932
42567
81882
4349
52048
49559
46469
31273
0
34956
56523
8718
9144
47461
1180
72687
0
30529
31812
0
48134
19163
762
38756
23462
15962
36958
30432
62902
0
8885
10386
27848
74109
69100
66574
0
8975
0
0
39611
55266
17149
0
16456
8518
0
56231
50821
0

--stderr--
